3528.528528528528 0.0
3536.5365365365365 0.0
3544.5445445445444 0.0
3552.5525525525522 0.0
3560.5605605605606 0.0
3568.5685685685685 0.0
3576.5765765765764 0.0
3584.5845845845843 0.0
3592.592592592592 0.0
3600.600600600601 0.0
3608.6086086086084 0.0
3616.6166166166167 0.0
3624.6246246246246 0.0
3632.632632632633 0.0
3640.6406406406404 0.0
3648.648648648649 0.0
3656.656656656656 0.0
3664.664664664665 0.0
3672.6726726726724 0.0
3680.680680680681 0.0
3688.6886886886887 0.0
3696.696696696697 0.0
3704.7047047047045 0.0
3712.7127127127133 0.0
3720.7207207207202 0.0
3728.728728728729 0.0
3736.7367367367365 0.0
3744.744744744745 0.0
3752.7527527527527 0.0
3760.760760760761 0.0
3768.7687687687685 0.0
3776.7767767767773 0.0
3784.7847847847843 0.0
3792.792792792793 0.0
3800.8008008008005 0.0
3808.808808808809 0.0
3816.8168168168168 0.0
3824.824824824825 0.0
3832.8328328328325 0.0
3840.8408408408413 0.0
3848.8488488488483 0.0
3856.856856856857 0.0
3864.864864864865 0.0
3872.872872872873 0.0
3880.8808808808813 0.0
3888.888888888889 0.0
3896.896896896897 0.0
3904.9049049049054 0.0
3912.9129129129133 0.0
3920.920920920921 0.0
3928.928928928929 0.0
3936.936936936937 0.0
3944.9449449449453 0.0
3952.952952952953 0.0
3960.960960960961 0.0
3968.9689689689694 0.0
3976.9769769769773 0.0
3984.984984984985 0.0
3992.992992992993 0.0
4001.001001001001 0.0
4009.0090090090093 0.0
4017.017017017017 0.0
4025.025025025025 0.0
4033.0330330330335 0.0
4041.0410410410414 0.0
4049.0490490490492 0.0
4057.057057057057 0.0
4065.065065065065 0.0
4073.0730730730734 0.0
4081.0810810810813 0.0
4089.089089089089 0.0
4097.0970970970975 0.0
4105.105105105105 0.0
4113.113113113113 0.0
4121.121121121121 0.0
4129.129129129129 0.0
4137.137137137137 0.0
4145.145145145145 0.0
4153.153153153154 0.0
4161.1611611611615 0.0
4169.169169169169 0.0
4177.177177177177 0.0
4185.185185185185 0.0
4193.193193193193 0.0
4201.201201201201 0.0
4209.20920920921 0.0
4217.217217217218 0.0
4225.225225225226 0.0
4233.2332332332335 0.0
4241.241241241241 0.0
4249.249249249249 0.0
4257.257257257257 0.0
4265.265265265265 0.0
4273.273273273273 0.0
4281.281281281282 0.0
4289.28928928929 0.0
4297.2972972972975 0.0
4305.305305305305 0.0
4313.313313313313 0.0
4321.321321321321 0.0
4329.329329329329 0.0
4337.337337337338 0.0
4345.345345345346 0.0
4353.353353353354 0.0
4361.361361361362 0.0
4369.369369369369 0.0
4377.377377377377 0.0
4385.385385385385 0.0
4393.393393393393 0.0
4401.401401401401 0.0
4409.40940940941 0.0
4417.417417417418 0.0
4425.425425425426 0.0
4433.4334334334335 0.0
4441.441441441441 0.0
4449.449449449449 0.0
4457.457457457457 0.0
4465.465465465466 0.0
4473.473473473474 0.0
4481.481481481482 0.0
4489.48948948949 0.0
4497.4974974974975 0.0
4505.505505505505 0.0
4513.513513513513 0.0
4521.521521521521 0.0
4529.529529529529 0.0
4537.537537537538 0.0
4545.545545545546 0.0
4553.553553553554 0.0
4561.561561561562 0.0
4569.5695695695695 0.0
4577.577577577577 0.0
4585.585585585585 0.0
4593.593593593594 0.0
4601.601601601602 0.0
4609.60960960961 0.0
4617.617617617618 0.0
4625.625625625626 0.0
4633.6336336336335 0.0
4641.641641641641 0.0
4649.649649649649 0.0
4657.657657657657 0.0
4665.665665665666 0.0
4673.673673673674 0.0
4681.681681681682 0.0
4689.68968968969 0.0
4697.697697697698 0.0
4705.705705705705 0.0
4713.713713713714 0.0
4721.721721721722 0.0
4729.72972972973 0.0
4737.737737737738 0.0
4745.745745745746 0.0
4753.753753753754 0.0
4761.7617617617625 0.0
4769.7697697697695 0.0
4777.777777777778 0.0
4785.785785785785 0.0
4793.793793793794 0.0
4801.801801801802 0.0
4809.809809809811 0.0
4817.817817817818 0.0
4825.8258258258265 0.0
4833.8338338338335 0.0
4841.841841841842 0.0
4849.84984984985 0.0
4857.857857857858 0.0
4865.865865865866 0.0
4873.873873873874 0.0
4881.881881881882 0.0
4889.889889889891 0.0
4897.897897897898 0.0
4905.905905905906 0.0
4913.913913913913 0.0
4921.921921921922 0.0
4929.92992992993 0.0
4937.937937937939 0.0
4945.945945945946 0.0
4953.953953953955 0.0
4961.961961961962 0.0
4969.96996996997 0.0
4977.977977977978 0.0
4985.985985985986 0.0
4993.993993993994 0.0
5002.002002002002 0.0
5010.01001001001 0.0
5018.018018018019 0.0
5026.026026026026 0.0
5034.034034034034 0.0
5042.042042042041 0.0
5050.05005005005 0.0
5058.058058058058 0.0
5066.066066066067 0.0
5074.074074074074 0.0
5082.082082082083 0.0
5090.09009009009 0.0
5098.0980980980985 0.0
5106.106106106106 0.0
5114.114114114114 0.0
5122.122122122122 0.0
5130.13013013013 0.0
5138.138138138138 0.0
5146.146146146147 0.0
5154.154154154154 0.0
5162.1621621621625 0.0
5170.1701701701695 0.0
5178.178178178178 0.0
5186.186186186186 0.0
5194.194194194195 0.0
5202.202202202202 0.0
5210.210210210211 0.0
5218.218218218218 0.0
5226.226226226227 0.0
5234.2342342342345 0.0
5242.242242242242 0.0
5250.25025025025 0.0
5258.258258258258 0.0
5266.266266266266 0.0
5274.274274274275 0.0
5282.282282282282 0.0
5290.290290290291 0.0
5298.298298298298 0.0
5306.306306306306 0.0
5314.314314314314 0.0
5322.322322322323 0.0
5330.33033033033 0.0
5338.338338338339 0.0
5346.346346346346 0.0
5354.354354354355 0.0
5362.362362362363 0.0
5370.37037037037 0.0
5378.378378378378 0.0
5386.386386386386 0.0
5394.394394394394 0.0
5402.402402402403 0.0
5410.410410410412 0.0
5418.418418418419 0.0
5426.426426426426 0.0
5434.4344344344345 0.0
5442.442442442443 0.0
5450.450450450451 0.0
5458.458458458458 0.0
5466.466466466467 0.0
5474.474474474475 0.0
5482.482482482483 0.0
5490.490490490491 0.0
5498.4984984984985 0.0
5506.506506506507 0.0
5514.514514514514 0.0
5522.522522522522 0.0
5530.530530530531 0.0
5538.53853853854 0.0
5546.546546546547 0.0
5554.554554554554 0.0
5562.562562562563 0.0
5570.570570570571 0.0
5578.578578578579 0.0
5586.586586586586 0.0
5594.594594594595 0.0
5602.602602602603 0.0
5610.610610610611 0.0
5618.618618618619 0.0
5626.626626626627 0.0
5634.634634634635 0.0
5642.642642642642 0.0
5650.65065065065 0.0
5658.658658658659 0.0
5666.666666666668 0.0
5674.674674674675 0.0
5682.682682682682 0.0
5690.690690690691 0.0
5698.698698698699 0.0
5706.706706706707 0.0
5714.714714714714 0.0
5722.722722722723 0.0
5730.730730730731 0.0
5738.738738738739 0.0
5746.746746746747 0.0
5754.754754754755 0.0
5762.7627627627635 0.0
5770.7707707707705 0.0
5778.778778778778 0.0
5786.786786786787 0.0
5794.794794794796 0.0
5802.802802802803 0.0
5810.81081081081 0.0
5818.818818818819 0.0
5826.8268268268275 0.0
5834.834834834835 0.0
5842.842842842842 0.0
5850.850850850851 0.0
5858.858858858859 0.0
5866.866866866867 0.0
5874.874874874875 0.0
5882.882882882883 0.0
5890.890890890892 0.0
5898.898898898899 0.0
5906.906906906906 0.0
5914.914914914915 0.0
5922.922922922924 0.0
5930.930930930931 0.0
5938.938938938938 0.0
5946.946946946947 0.0
5954.954954954956 0.0
5962.9629629629635 0.0
5970.9709709709705 0.0
5978.978978978979 0.0
5986.986986986987 0.0
5994.994994994995 0.0
6003.003003003003 0.0
6011.011011011011 0.0
6019.01901901902 0.0
6027.027027027027 0.0
6035.0350350350345 0.0
6043.043043043043 0.0
6051.051051051052 0.0
6059.059059059059 0.0
6067.067067067066 0.0
6075.075075075075 0.0
6083.083083083084 0.0
6091.091091091092 0.0
6099.099099099099 0.0
6107.107107107107 0.0
6115.115115115115 0.0
6123.123123123123 0.0
6131.131131131131 0.0
6139.139139139139 0.0
6147.147147147148 0.0
6155.155155155155 0.0
6163.163163163163 0.0
6171.171171171171 0.0
6179.17917917918 0.0
6187.187187187187 0.0
6195.195195195194 0.0
6203.203203203203 0.0
6211.211211211212 0.0
6219.21921921922 0.0
6227.227227227227 0.0
6235.235235235235 0.0
6243.243243243243 0.0
6251.251251251251 0.0
6259.259259259259 0.0
6267.267267267267 0.0
6275.275275275276 0.0
6283.283283283283 0.0
6291.291291291291 0.0
6299.2992992992995 0.0
6307.307307307308 0.0
6315.315315315315 0.0
6323.323323323322 0.0
6331.331331331331 0.0
6339.33933933934 0.0
6347.347347347348 0.0
6355.355355355355 0.0
6363.3633633633635 0.0
6371.371371371371 0.0
6379.379379379379 0.0
6387.387387387387 0.0
6395.395395395395 0.0
6403.403403403404 0.0
6411.411411411411 0.0
6419.41941941942 0.0
6427.4274274274285 0.0
6435.435435435436 0.0
6443.443443443443 0.0
6451.451451451452 0.0
6459.45945945946 0.0
6467.467467467468 0.0
6475.475475475476 0.0
6483.483483483484 0.0
6491.4914914914925 0.0
6499.4994994994995 0.0
6507.507507507507 0.0004971140208703884
6515.515515515516 0.0005268625238632113
6523.523523523525 0.0005141192817807417
6531.531531531532 0.0004946730786564211
6539.539539539539 0.0005030584587805356
6547.547547547548 0.0004998627655044769
6555.555555555557 0.0005351188181874526
6563.5635635635645 0.0005814222243644289
6571.571571571571 0.0006080808287403976
6579.57957957958 0.0005861955913664585
6587.587587587588 0.0005822041773492562
6595.595595595596 0.0005918121029164073
6603.603603603604 0.0005931738738880677
6611.611611611612 0.0005819115292170939
6619.619619619621 0.0005869787971513
6627.627627627628 0.0005635595308952482
6635.6356356356355 0.0006318962817675399
6643.643643643644 0.0006676344227693439
6651.651651651653 0.000629063138145203
6659.65965965966 0.0006359304673078578
6667.667667667667 0.0006970415533653224
6675.675675675676 0.0007389554488922286
6683.683683683685 0.0008151149304638235
6691.6916916916925 0.0009787740433508686
6699.6996996996995 0.0012800503440431284
6707.707707707708 0.001593399753434183
6715.715715715716 0.0020705145318426275
6723.723723723724 0.0026619762333806836
6731.731731731732 0.0034395529307870323
6739.73973973974 0.0046882141543761685
6747.747747747749 0.006515959775604399
6755.755755755756 0.008994547223457088
6763.763763763764 0.012071105242658305
6771.771771771772 0.015796830964819118
6779.779779779781 0.02041483481131769
6787.787787787788 0.0262152092676335
6795.795795795795 0.03277389224383183
6803.803803803804 0.040769725080797736
6811.811811811813 0.05045487847268246
6819.819819819821 0.061529409880222055
6827.827827827828 0.0735797519800035
6835.835835835836 0.0874113356276715
6843.843843843844 0.10271643287197689
6851.851851851852 0.1191922026814565
6859.85985985986 0.13661044645048662
6867.867867867868 0.15614210259799635
6875.875875875877 0.1777928995081315
6883.883883883884 0.2003144490203749
6891.891891891892 0.2231184923456706
6899.8998998999 0.24644067682094112
6907.907907907909 0.27018632451306995
6915.915915915916 0.29388515100271256
6923.923923923923 0.31742621983271707
6931.931931931932 0.3406932266011301
6939.939939939941 0.36355404370065647
6947.947947947949 0.3854112160107482
6955.955955955956 0.40670083787181643
6963.9639639639645 0.4269958425075809
6971.971971971972 0.4460584653852005
6979.97997997998 0.4639567302049966
6987.987987987988 0.481365143298199
6995.995995995996 0.4982693236927697
7004.004004004005 0.5141433486442168
7012.012012012012 0.5290963551990304
7020.02002002002 0.5438683160108994
7028.0280280280285 0.5575423975684928
7036.036036036037 0.5699099640858428
7044.044044044044 0.5818036646701689
7052.052052052051 0.5934513468765775
7060.06006006006 0.6045089381951403
7068.068068068069 0.6142074757122392
7076.076076076077 0.6229347736729731
7084.084084084084 0.6314495769291627
7092.092092092093 0.6396274534867555
7100.1001001001005 0.646587404398998
7108.108108108108 0.6532226918331356
7116.116116116116 0.6595409028682696
7124.124124124124 0.6657347009770977
7132.132132132133 0.6717433616138516
7140.14014014014 0.677298201181011
7148.148148148148 0.6821748228922658
7156.156156156157 0.6872335904751072
7164.164164164165 0.6918761868567558
7172.172172172172 0.6961317364408912
7180.180180180179 0.7004942588334431
7188.188188188188 0.7039573806967626
7196.196196196197 0.7076680398075068
7204.204204204205 0.7111146671172895
7212.212212212212 0.7141609922405364
7220.220220220221 0.7169663634091087
7228.2282282282285 0.7201466708362816
7236.236236236236 0.723008260368508
7244.244244244244 0.7255936938479186
7252.252252252252 0.7281242310136417
7260.260260260261 0.7309010615229926
7268.268268268268 0.732669845685126
7276.276276276276 0.735197639329882
7284.284284284285 0.7376042968684485
7292.2922922922935 0.7396356228664531
7300.3003003003005 0.741443691761145
7308.3083083083075 0.7431623122269869
7316.316316316316 0.7454121634615176
7324.324324324325 0.7476664369339281
7332.332332332333 0.7495706773885191
7340.34034034034 0.7509258820957578
7348.348348348349 0.7526644019366799
7356.356356356357 0.7538784501705675
7364.3643643643645 0.7551209747130847
7372.372372372372 0.7561717023871103
7380.38038038038 0.7564920884532594
7388.388388388389 0.7578481801311087
7396.396396396396 0.7586609058948574
7404.404404404404 0.7595075459022823
7412.412412412413 0.7604976200018644
7420.420420420422 0.7614807734973793
7428.428428428429 0.7621827487049141
7436.4364364364355 0.7625298560096694
7444.444444444444 0.7627925253456921
7452.452452452453 0.7629334334766315
7460.460460460461 0.762820814398779
7468.468468468468 0.7631375019314014
7476.476476476477 0.7634201475017726
7484.484484484485 0.7636970889608935
7492.492492492493 0.7638622873820224
7500.5005005005005 0.7637965168624391
7508.508508508508 0.7640353292558604
7516.516516516517 0.7639737452742733
7524.524524524524 0.764055580651999
7532.532532532532 0.764182585866161
7540.540540540541 0.7640542705108796
7548.54854854855 0.7639259737186231
7556.556556556557 0.7637976931327767
7564.564564564564 0.7636422084488584
7572.572572572572 0.763590247977217
7580.580580580581 0.7637406693273728
7588.588588588589 0.763128442440689
7596.596596596596 0.7633996579184228
7604.604604604605 0.7634665415728178
7612.612612612613 0.7632906137101817
7620.620620620621 0.7631747666354658
7628.628628628629 0.7625992872093689
7636.6366366366365 0.762727469794273
7644.644644644645 0.7627400165147055
7652.652652652652 0.7625801373074337
7660.66066066066 0.7624577878999377
7668.668668668669 0.7623819902943719
7676.676676676678 0.7618783122002735
7684.684684684685 0.7614981394064388
7692.692692692692 0.7613005775448262
7700.7007007007005 0.7611619864111075
7708.708708708709 0.7609277857083718
7716.716716716717 0.760736652990967
7724.724724724724 0.7608671035999627
7732.732732732733 0.7609068548053203
7740.740740740741 0.760385894722914
7748.748748748749 0.760202074691652
7756.756756756757 0.7600176316941651
7764.764764764765 0.7595731121426972
7772.772772772773 0.7591205694030949
7780.78078078078 0.7589383213198921
7788.788788788789 0.7583075514020832
7796.796796796798 0.7580479889683663
7804.804804804806 0.7578540130068797
7812.812812812813 0.757501260801706
7820.820820820822 0.7568553268806085
7828.8288288288295 0.7562033600939696
7836.836836836837 0.7554949675582051
7844.844844844845 0.7551213190000214
7852.852852852853 0.7549723701752128
7860.860860860862 0.754766812216987
7868.868868868869 0.7540927789106122
7876.876876876877 0.7529587994989696
7884.884884884886 0.7523891114986737
7892.892892892894 0.7520118735947472
7900.900900900901 0.7511439228179999
7908.908908908908 0.7494248620765036
7916.916916916917 0.7477466183985875
7924.924924924926 0.7472819835453438
7932.932932932934 0.7471968422985693
7940.940940940941 0.7462814475666267
7948.94894894895 0.744015653027259
7956.956956956958 0.7426337154621205
7964.9649649649655 0.7417237718120623
7972.972972972973 0.7406549149657858
7980.980980980981 0.73901486669967
7988.98898898899 0.737492678129773
7996.996996996997 0.7356827164782661
8005.005005005005 0.733874503462339
8013.013013013014 0.7318424124752048
8021.0210210210225 0.7293808583451684
8029.0290290290295 0.7264732373103852
8037.0370370370365 0.7250032008257706
8045.045045045045 0.7230475501858901
8053.053053053054 0.7205301052458831
8061.061061061062 0.7177653813965511
8069.069069069069 0.715087504634072
8077.077077077078 0.7135642528103526
8085.085085085086 0.7110649438081056
8093.093093093094 0.7080499663027939
8101.101101101101 0.7054988816332567
8109.109109109109 0.7045459326941736
8117.117117117118 0.7025080757334207
8125.125125125125 0.7002518516501424
8133.133133133133 0.6982980707695816
8141.141141141142 0.6969114638430345
8149.149149149149 0.695675681917976
8157.157157157158 0.6936621586539143
8165.165165165165 0.6928551007278919
8173.173173173173 0.6926989881169349
8181.181181181181 0.6924596728444699
8189.18918918919 0.6922908949632081
8197.197197197198 0.692398831554994
8205.205205205206 0.6927101602305491
8213.213213213214 0.6929673377530898
8221.221221221222 0.6932283419202415
8229.22922922923 0.6947243174280204
8237.237237237237 0.6962922804732311
8245.245245245245 0.697569056287827
8253.253253253253 0.6991622831309001
8261.261261261261 0.7012971892337403
8269.269269269269 0.7026352418235419
8277.277277277277 0.7034655268113431
8285.285285285285 0.7045092475420097
8293.293293293293 0.7056631410979753
8301.301301301302 0.706643904566351
8309.309309309308 0.7069239682133124
8317.317317317318 0.7061758337938269
8325.325325325324 0.7039626140196178
8333.333333333334 0.6999310832137131
8341.341341341342 0.6941211982172274
8349.34934934935 0.6873377652726045
8357.357357357358 0.6775303257228622
8365.365365365366 0.6663102567423864
8373.373373373373 0.6528291679871443
8381.381381381381 0.6361799256416547
8389.38938938939 0.6155048869010368
8397.397397397397 0.5923239226293144
8405.405405405405 0.5660837334303851
8413.413413413415 0.5382961505969291
8421.42142142142 0.50996458177524
8429.42942942943 0.4802036581806936
8437.437437437437 0.45010488467602294
8445.445445445446 0.41970630810086945
8453.453453453454 0.3896408275635864
8461.461461461462 0.36033460596829536
8469.46946946947 0.33169679344226977
8477.477477477478 0.3051716373300554
8485.485485485486 0.2801882517334168
8493.493493493494 0.25606437014353267
8501.501501501501 0.23304734728723997
8509.50950950951 0.211706935488822
8517.517517517519 0.19149423955635386
8525.525525525525 0.17324490617743224
8533.533533533535 0.15655826782118742
8541.541541541541 0.14096083421627975
8549.54954954955 0.1261190058196355
8557.557557557559 0.1137046299705668
8565.565565565566 0.10275590606963753
8573.573573573574 0.09271955598242507
8581.581581581582 0.0833053426336134
8589.58958958959 0.07472202057620018
8597.597597597598 0.06752937596413118
8605.605605605606 0.06076845577095218
8613.613613613614 0.05444989818477968
8621.621621621622 0.0488288289105615
8629.629629629631 0.04456032031208033
8637.637637637637 0.04019977142505947
8645.645645645647 0.035979509629096136
8653.653653653653 0.03240221210188473
8661.661661661663 0.02948021821685995
8669.66966966967 0.026417232941107118
8677.677677677679 0.02356444522027254
8685.685685685687 0.021507725366334697
8693.693693693695 0.01990524883293269
8701.701701701702 0.018365635251386524
8709.70970970971 0.016479795983562612
8717.717717717718 0.014694574653952984
8725.725725725726 0.01352755548937375
8733.733733733734 0.012473993807594909
8741.741741741742 0.011309144289724116
8749.74974974975 0.010272217739798726
8757.757757757758 0.00945108059554672
8765.765765765766 0.008765192601298792
8773.773773773775 0.008056759926469887
8781.781781781781 0.007267318521346927
8789.789789789791 0.006474859719615408
8797.797797797797 0.00607056237906534
8805.805805805807 0.005562156234087983
8813.813813813815 0.005086460502581184
8821.821821821823 0.004720388195794476
8829.82982982983 0.004444849680180142
8837.837837837838 0.004130474406084871
8845.845845845846 0.0037456079352384767
8853.853853853854 0.0033848014206847347
8861.861861861862 0.0031175738609691686
8869.86986986987 0.0029829933153239863
8877.877877877878 0.002739708309859107
8885.885885885888 0.0025643466763680405
8893.893893893894 0.002478581957957158
8901.901901901903 0.0024026692891705955
8909.90990990991 0.002142345469333959
8917.91791791792 0.001975830848814668
8925.925925925927 0.001831796740646059
8933.933933933935 0.0016800090770359786
8941.941941941943 0.0015508587093752374
8949.94994994995 0.0015400969898583014
8957.957957957959 0.0015666762412396495
8965.965965965966 0.001486034159160782
8973.973973973974 0.0013664280519875155
8981.981981981982 0.0012505748333072528
8989.98998998999 0.0011536932761029724
8997.997997997998 0.0011361747974033046
9006.006006006006 0.0
9014.014014014014 0.0
9022.022022022022 0.0
9030.030030030031 0.0
9038.038038038037 0.0
9046.046046046047 0.0
9054.054054054053 0.0
9062.062062062063 0.0
9070.07007007007 0.0
9078.078078078079 0.0
9086.086086086087 0.0
9094.094094094095 0.0
9102.102102102102 0.0
9110.11011011011 0.0
9118.118118118118 0.0
9126.126126126126 0.0
9134.134134134134 0.0
9142.142142142144 0.0
9150.15015015015 0.0
9158.15815815816 0.0
9166.166166166166 0.0
9174.174174174175 0.0
9182.182182182183 0.0
9190.190190190191 0.0
9198.198198198199 0.0
9206.206206206207 0.0
9214.214214214215 0.0
9222.222222222223 0.0
9230.23023023023 0.0
9238.238238238238 0.0
9246.246246246246 0.0
9254.254254254254 0.0
9262.262262262262 0.0
9270.27027027027 0.0
9278.278278278278 0.0
9286.286286286288 0.0
9294.294294294294 0.0
9302.302302302303 0.0
9310.31031031031 0.0
9318.31831831832 0.0
9326.326326326327 0.0
9334.334334334335 0.0
9342.342342342343 0.0
9350.35035035035 0.0
9358.358358358359 0.0
9366.366366366366 0.0
9374.374374374374 0.0
9382.382382382382 0.0
9390.39039039039 0.0
9398.3983983984 0.0
9406.406406406406 0.0
9414.414414414416 0.0
9422.422422422422 0.0
9430.430430430431 0.0
9438.43843843844 0.0
9446.446446446447 0.0
9454.454454454455 0.0
9462.462462462463 0.0
9470.47047047047 0.0
9478.478478478479 0.0
9486.486486486487 0.0
9494.494494494495 0.0
9502.502502502502 0.0
9510.51051051051 0.0
9518.518518518518 0.0
9526.526526526526 0.0
9534.534534534534 0.0
9542.542542542544 0.0
9550.55055055055 0.0
9558.55855855856 0.0
9566.566566566566 0.0
9574.574574574575 0.0
9582.582582582583 0.0
9590.590590590591 0.0
9598.598598598599 0.0
9606.606606606607 0.0
9614.614614614615 0.0
9622.622622622623 0.0
9630.63063063063 0.0
9638.638638638638 0.0
9646.646646646646 0.0
9654.654654654656 0.0
9662.662662662662 0.0
9670.670670670672 0.0
9678.678678678678 0.0
9686.686686686688 0.0
9694.694694694695 0.0
9702.702702702703 0.0
9710.710710710711 0.0
9718.71871871872 0.0
9726.726726726727 0.0
9734.734734734735 0.0
9742.742742742743 0.0
9750.75075075075 0.0
9758.758758758759 0.0
9766.766766766767 0.0
9774.774774774774 0.0
9782.782782782782 0.0
9790.79079079079 0.0
9798.7987987988 0.0
9806.806806806806 0.0
9814.814814814816 0.0
9822.822822822822 0.0
9830.830830830831 0.0
9838.83883883884 0.0
9846.846846846847 0.0
9854.854854854855 0.0
9862.862862862863 0.0
9870.870870870873 0.0
9878.878878878879 0.0
9886.886886886889 0.0
9894.894894894895 0.0
9902.902902902904 0.0
9910.910910910912 0.0
9918.91891891892 0.0
9926.926926926928 0.0
9934.934934934936 0.0
9942.942942942944 0.0
9950.950950950952 0.0
9958.95895895896 0.0
9966.966966966967 0.0