3000.0 0.0
3016.032064128257 0.0
3032.064128256513 0.0
3048.0961923847694 0.0
3064.1282565130264 0.0
3080.1603206412824 0.0
3096.192384769539 0.0
3112.224448897796 0.0
3128.256513026052 0.0
3144.2885771543088 0.0
3160.3206412825652 0.0
3176.3527054108217 0.0
3192.384769539078 0.0
3208.4168336673347 0.0
3224.448897795591 0.0
3240.4809619238476 0.0
3256.5130260521046 0.0
3272.5450901803606 0.0
3288.5771543086175 0.0
3304.609218436874 0.0
3320.64128256513 0.0
3336.673346693387 0.0
3352.705410821643 0.0
3368.7374749498995 0.0
3384.7695390781564 0.0
3400.8016032064133 0.0
3416.8336673346694 0.0
3432.865731462926 0.0
3448.8977955911823 0.0
3464.929859719439 0.0
3480.9619238476953 0.0
3496.993987975952 -9.283782098368503e-08
3513.0260521042082 2.2411902484517536e-06
3529.058116232465 2.166158737026952e-06
3545.090180360721 2.824519250459752e-06
3561.122244488978 3.2925612619248393e-06
3577.1543086172346 3.249430350397111e-06
3593.1863727454906 3.003803470650909e-06
3609.2184368737476 2.8781126675356292e-06
3625.250501002004 3.017486412356054e-06
3641.28256513026 3.4989190305158747e-06
3657.314629258517 3.877823539170304e-06
3673.346693386774 3.389554109921499e-06
3689.3787575150304 3.5626656437871437e-06
3705.4108216432865 3.308283630637306e-06
3721.4428857715434 3.976405273563306e-06
3737.4749498997994 5.113734834004967e-06
3753.507014028056 5.370967906249684e-06
3769.539078156313 5.936484664601061e-06
3785.571142284569 5.581410594894198e-06
3801.603206412826 5.978088726301149e-06
3817.6352705410823 6.408208075540934e-06
3833.6673346693387 6.051259167374694e-06
3849.699398797595 5.58214043650154e-06
3865.7314629258517 6.5868889098983e-06
3881.763527054108 6.8634083732452575e-06
3897.7955911823647 6.358241705221323e-06
3913.8276553106216 7.164529929725752e-06
3929.8597194388776 7.933257316482292e-06
3945.8917835671346 7.4606930090660075e-06
3961.923847695391 6.836959923460796e-06
3977.955911823647 9.288973001189656e-06
3993.987975951904 9.392117312963352e-06
4010.02004008016 7.473331731915996e-06
4026.0521042084165 1.0693708048738023e-05
4042.0841683366734 9.89235976239123e-06
4058.1162324649304 1.1190675295371411e-05
4074.1482965931864 1.5358549744654134e-05
4090.180360721443 2.4926324567669116e-05
4106.212424849699 1.9002266268669394e-05
4122.244488977956 1.2144342593958191e-05
4138.276553106212 1.0888564895949792e-05
4154.308617234469 1.0227238834279208e-05
4170.340681362725 1.1634056802845194e-05
4186.372745490982 1.0561710392136564e-05
4202.404809619238 1.3075484394677399e-05
4218.436873747495 1.4708176550198552e-05
4234.468937875752 1.551112832318597e-05
4250.501002004008 1.6322387244621512e-05
4266.533066132264 2.8235370768638373e-05
4282.565130260521 3.0043277555102067e-05
4298.597194388777 1.4245496202736126e-05
4314.629258517034 1.2901993156349848e-05
4330.661322645291 1.3015689947333396e-05
4346.693386773548 1.3548626887121545e-05
4362.725450901804 1.1043321682758284e-05
4378.75751503006 1.3609777178086588e-05
4394.789579158316 1.3868836412951869e-05
4410.821643286573 1.0683041983489579e-05
4426.85370741483 1.2156461261487827e-05
4442.885771543087 1.213274166156463e-05
4458.917835671343 1.2096275366547697e-05
4474.949899799599 1.4396427921376011e-05
4490.981963927856 1.3641216386887904e-05
4507.014028056112 1.2322048467830753e-05
4523.046092184369 1.344508063478031e-05
4539.078156312626 1.341728197515958e-05
4555.110220440882 1.1883720095159831e-05
4571.142284569138 1.352220950719049e-05
4587.174348697395 1.4107645458930721e-05
4603.206412825652 1.5371828319839452e-05
4619.238476953908 1.9871029100528837e-05
4635.2705410821645 4.412849216286156e-05
4651.302605210421 0.00029245558500879526
4667.3346693386775 0.0003143267366072158
4683.3667334669335 6.315486555453133e-05
4699.39879759519 2.447174864228699e-05
4715.430861723447 1.5898821949858036e-05
4731.462925851703 1.5603657034769212e-05
4747.49498997996 1.5046968199740223e-05
4763.527054108216 1.4428904687490498e-05
4779.559118236473 1.3964712916442411e-05
4795.591182364729 1.518318409938927e-05
4811.623246492986 1.820520797676893e-05
4827.655310621243 2.2757498754311342e-05
4843.687374749499 2.2309356476500234e-05
4859.719438877755 1.8882088531518962e-05
4875.751503006012 1.6583641347181157e-05
4891.783567134269 1.3984685129850079e-05
4907.815631262525 1.3083684744692932e-05
4923.847695390781 1.4295566226748619e-05
4939.879759519038 1.4070837630000333e-05
4955.911823647294 1.5382209468871118e-05
4971.943887775551 1.636770806171526e-05
4987.975951903808 2.1543387540156518e-05
5004.008016032065 3.919149888517835e-05
5020.040080160321 7.733166206221824e-05
5036.072144288577 9.148958125646694e-05
5052.104208416833 8.583657288981787e-05
5068.13627254509 9.525369448115949e-05
5084.168336673347 0.00012667531636436537
5100.200400801604 0.00011509471546072518
5116.23246492986 6.247630251635255e-05
5132.264529058116 3.61009037476034e-05
5148.296593186373 2.5472742792672472e-05
5164.328657314629 1.995467816501168e-05
5180.360721442886 1.8310199325604297e-05
5196.392785571143 2.048472085573539e-05
5212.424849699399 2.196254701914138e-05
5228.4569138276565 2.703148585974539e-05
5244.488977955912 3.620045243430897e-05
5260.521042084169 3.8292687644358215e-05
5276.553106212425 2.9460912138298302e-05
5292.5851703406815 2.1596500925724475e-05
5308.6172344689385 1.8331269196468723e-05
5324.6492985971945 1.622623502213465e-05
5340.6813627254505 1.572111924393695e-05
5356.7134268537075 1.5958455776754996e-05
5372.745490981964 1.553686932244318e-05
5388.77755511022 1.5746401964572665e-05
5404.809619238476 1.4619819802072735e-05
5420.841683366733 1.4651073781010936e-05
5436.87374749499 1.5472526679368944e-05
5452.905811623246 1.865026284880958e-05
5468.937875751503 2.1735766015768047e-05
5484.96993987976 2.6448839913718045e-05
5501.002004008016 3.1192650309612416e-05
5517.034068136272 3.336903030184161e-05
5533.066132264529 3.161070371873054e-05
5549.098196392786 3.010607805404555e-05
5565.130260521042 3.05392142209373e-05
5581.162324649299 3.007763726231834e-05
5597.194388777554 3.004451334210126e-05
5613.226452905812 3.155422404719599e-05
5629.258517034068 3.3865417376996336e-05
5645.290581162325 3.4829565143404704e-05
5661.322645290582 3.942393966626628e-05
5677.354709418837 3.865618252875261e-05
5693.386773547095 3.120288322224202e-05
5709.41883767535 3.688044879411511e-05
5725.450901803607 3.501721040936886e-05
5741.482965931864 3.094455027015777e-05
5757.515030060121 2.807313673411354e-05
5773.547094188378 2.638099585509455e-05
5789.579158316633 2.469767800216238e-05
5805.611222444891 2.4931357549853334e-05
5821.643286573146 2.4351377287532177e-05
5837.675350701403 2.396259459141779e-05
5853.70741482966 2.709274916811641e-05
5869.739478957916 2.839175947631585e-05
5885.771543086174 3.1707283009931374e-05
5901.803607214429 3.1493624713602624e-05
5917.835671342686 3.3847000173454814e-05
5933.867735470942 3.6193010727547076e-05
5949.899799599198 3.6465880551544194e-05
5965.9318637274555 3.8315738463143955e-05
5981.9639278557115 3.872396947657083e-05
5997.9959919839675 3.7533550608208897e-05
6014.0280561122245 3.630234655341741e-05
6030.060120240481 3.3810759927856e-05
6046.092184368737 3.0470389680901162e-05
6062.1242484969935 2.8028689266094958e-05
6078.156312625251 2.5918814115102584e-05
6094.188376753507 2.6144494411067726e-05
6110.220440881763 2.636833205706369e-05
6126.25250501002 2.7684809923643873e-05
6142.284569138275 2.9069498235355905e-05
6158.316633266533 2.910681315629715e-05
6174.348697394789 2.9334423772127108e-05
6190.380761523046 2.862734872983541e-05
6206.412825651303 2.8416318385165282e-05
6222.444889779559 3.220488666710058e-05
6238.476953907816 3.602496335435655e-05
6254.509018036071 3.715464523141843e-05
6270.541082164329 3.0738128628109204e-05
6286.573146292585 1.890985325961172e-05
6302.605210420842 1.3950491207683776e-05
6318.637274549099 1.0843135081791035e-05
6334.669338677354 9.531028830781918e-06
6350.701402805612 8.668598946713085e-06
6366.733466933867 8.368632409321197e-06
6382.765531062124 8.095849231872844e-06
6398.797595190381 6.5868637496313065e-06
6414.829659318638 5.996547909929582e-06
6430.861723446895 6.6835548712800275e-06
6446.89378757515 7.258359159283644e-06
6462.925851703408 6.634119152535248e-06
6478.957915831663 7.258927329338469e-06
6494.98997995992 6.5386302917506425e-06
6511.022044088177 6.4875480940643655e-06
6527.054108216433 6.169838320154416e-06
6543.086172344691 6.968584409290658e-06
6559.118236472946 7.400584815159285e-06
6575.150300601203 7.076958150019429e-06
6591.182364729459 5.803975941168595e-06
6607.214428857716 5.75115770556963e-06
6623.2464929859725 4.5366326958723936e-06
6639.2785571142285 5.9604121725618355e-06
6655.310621242486 6.007639191705161e-06
6671.3426853707415 5.374347457069612e-06
6687.374749498998 6.624662440426784e-06
6703.406813627254 5.727012819598412e-06
6719.4388777555105 5.5152918341908714e-06
6735.470941883768 6.571410037178454e-06
6751.503006012024 7.117209132551713e-06
6767.53507014028 6.206419435289279e-06
6783.567134268537 5.1831605744118335e-06
6799.599198396792 4.715836427292505e-06
6815.63126252505 5.076090313978693e-06
6831.663326653306 4.741156191466375e-06
6847.695390781563 5.423950518060031e-06
6863.72745490982 4.437750449358312e-06
6879.759519038076 5.028550869885296e-06
6895.791583166333 5.730433026513783e-06
6911.823647294588 5.482868627648446e-06
6927.855711422846 5.828183969333797e-06
6943.887775551102 6.02041111556146e-06
6959.919839679359 7.068892509830183e-06
6975.951903807616 7.168551124093896e-06
6991.983967935871 8.793592387349205e-06
7008.016032064129 1.0414805258524045e-05
7024.048096192384 1.3642011110043191e-05
7040.080160320641 1.77567901416978e-05
7056.112224448898 1.930012461150085e-05
7072.144288577155 2.0716872999793552e-05
7088.176352705412 2.0856777685423595e-05
7104.208416833667 2.164581084468122e-05
7120.240480961925 2.1829178068127335e-05
7136.27254509018 2.1576685702447834e-05
7152.304609218437 2.1437661414809452e-05
7168.336673346694 2.0186235760128287e-05
7184.36873747495 1.9281531100659068e-05
7200.400801603208 1.882868446639038e-05
7216.432865731463 1.681588084722844e-05
7232.46492985972 1.6562227841989018e-05
7248.496993987976 1.5378789167208213e-05
7264.529058116233 1.414405575732843e-05
7280.5611222444895 1.4393502842534583e-05
7296.593186372746 1.3798619766627512e-05
7312.625250501003 1.4255893911061715e-05
7328.6573146292585 1.3960281328041356e-05
7344.689378757515 1.4301360215501994e-05
7360.7214428857715 1.392971719150165e-05
7376.7535070140275 1.5073786515485757e-05
7392.785571142285 1.5820454053631856e-05
7408.817635270541 1.581729730489256e-05
7424.849699398797 1.533942967179092e-05
7440.881763527054 1.4416141143816106e-05
7456.913827655311 1.2002242098691195e-05
7472.945891783567 1.077975748697587e-05
7488.977955911823 1.0103282177295288e-05
7505.010020040081 9.173854215156328e-06
7521.042084168337 8.008658375642438e-06
7537.074148296593 7.087364315283652e-06
7553.10621242485 6.664613348206107e-06
7569.138276553105 6.162082994737442e-06
7585.170340681363 6.3610364364031845e-06
7601.202404809619 6.281795819968848e-06
7617.234468937876 5.9229056017584206e-06
7633.266533066133 6.041490364383974e-06
7649.298597194388 5.559141703467076e-06
7665.330661322646 5.815866771157043e-06
7681.362725450901 6.472954679215786e-06
7697.394789579158 6.155049731215511e-06
7713.426853707415 6.052388566956015e-06
7729.458917835672 5.7451639262639154e-06
7745.490981963929 6.1220642300436614e-06
7761.523046092184 7.3632799955491686e-06
7777.555110220442 6.702386557140114e-06
7793.587174348697 7.046766236619919e-06
7809.619238476954 7.800781553824452e-06
7825.651302605211 7.97020179456751e-06
7841.683366733467 9.062590362247316e-06
7857.715430861725 1.0543821062036805e-05
7873.74749498998 1.2119368223830849e-05
7889.779559118237 1.3707866509358032e-05
7905.811623246493 1.6343472024705793e-05
7921.84368737475 1.9774053347911887e-05
7937.8757515030065 2.5153737458154172e-05
7953.907815631263 3.1768172584417214e-05
7969.93987975952 4.079307044573337e-05
7985.9719438877755 5.4534900933404665e-05
8002.0040080160325 0.00020148742647515828
8018.0360721442885 0.0002490654617514009
8034.0681362725445 0.0003263930598841131
8050.100200400802 0.00044406375645576144
8066.132264529058 0.0006455396115020383
8082.164328657314 0.0009853917594470512
8098.196392785571 0.0015479146231428594
8114.228456913828 0.0025450109425340017
8130.260521042084 0.004213302331600285
8146.29258517034 0.0071382481549891
8162.324649298597 0.011843921484321994
8178.356713426854 0.019177108395448093
8194.38877755511 0.02948465386434718
8210.420841683368 0.04330193384787852
8226.452905811624 0.059356710060293076
8242.48496993988 0.07745827493774399
8258.517034068136 0.09514939834679954
8274.549098196392 0.1115869101411995
8290.58116232465 0.12489533108218763
8306.613226452906 0.134790649191796
8322.645290581164 0.14088431265007548
8338.677354709418 0.1441262500774416
8354.709418837676 0.14510210105757015
8370.741482965932 0.144691552945351
8386.773547094188 0.14350283356846177
8402.805611222446 0.1419987116543737
8418.837675350702 0.1405128842900857
8434.869739478958 0.13917666714988886
8450.901803607214 0.13802819967703586
8466.933867735472 0.13706519870928255
8482.965931863728 0.1362100213838452
8498.997995991984 0.13536195101096285
8515.030060120242 0.13446215135612705
8531.062124248496 0.1334614902971058
8547.094188376754 0.13233380122616833
8563.12625250501 0.13109276897361738
8579.158316633268 0.1297646522339102
8595.190380761524 0.12835613888770725
8611.22244488978 0.12694131927487282
8627.254509018036 0.12553774519385336
8643.286573146292 0.1241768024063931
8659.31863727455 0.12286010292296755
8675.350701402805 0.12157965418057816
8691.382765531063 0.12035038045837426
8707.41482965932 0.11912500446426603
8723.446893787575 0.11788444031718759
8739.478957915831 0.11660067723346232
8755.511022044087 0.11524836334274005
8771.543086172345 0.113821703471792
8787.575150300601 0.11229757901836863
8803.607214428857 0.11036730718714496
8819.639278557113 0.10837663987553962
8835.671342685371 0.10634731585463018
8851.703406813627 0.10430467757571746
8867.735470941883 0.10226188816763658
8883.767535070141 0.10024099984432339
8899.799599198397 0.09824573726086354
8915.831663326653 0.09627870969731331
8931.86372745491 0.0943368990738905
8947.895791583167 0.09240855526785051
8963.927855711423 0.09049306450729107
8979.959919839679 0.08859011535929542
8995.991983967935 0.0867072978333548
9012.024048096193 0.08483682067035446
9028.056112224449 0.08295890145495217
9044.088176352705 0.0810616966172821
9060.120240480963 0.07911685442628652
9076.152304609219 0.07707495223251479
9092.184368737475 0.07487875736841795
9108.21643286573 0.07246105247233138
9124.248496993989 0.06964164616136195
9140.280561122245 0.06632240376342936
9156.3126252505 0.06224614508524607
9172.344689378759 0.05730847987881678
9188.376753507015 0.051347367375808674
9204.40881763527 0.044505350951819816
9220.440881763527 0.03678169339545669
9236.472945891785 0.028997302667791
9252.50501002004 0.02178648724979357
9268.537074148297 0.01579691530741349
9284.569138276553 0.010974601346352711
9300.60120240481 0.007419993475824585
9316.633266533066 0.004915774935766059
9332.665330661323 0.003233833594592937
9348.69739478958 0.002123439674879003
9364.729458917836 0.0014049457214059733
9380.761523046092 0.0009473446064293734
9396.793587174348 0.0006501961986933093
9412.825651302606 0.0004567165453370986
9428.857715430862 0.0003254061127578462
9444.889779559118 0.00023659158022024132
9460.921843687376 0.0001759535331985353
9476.95390781563 0.00013543900683242037
9492.985971943888 0.00010545441377248887
9509.018036072144 8.663665914126833e-05
9525.050100200402 7.095766079805582e-05
9541.082164328658 5.867520022271963e-05
9557.114228456914 4.915155340430864e-05
9573.14629258517 4.285138816772585e-05
9589.178356713426 3.779386092657196e-05
9605.210420841684 3.345850769097683e-05
9621.24248496994 2.9762809271094837e-05
9637.274549098198 2.7511712505511078e-05
9653.306613226452 2.553965970368341e-05
9669.33867735471 2.4788817631437223e-05
9685.370741482966 2.224194924660177e-05
9701.402805611222 1.999613942297269e-05
9717.43486973948 2.0440903137225562e-05
9733.466933867736 1.9078206049807448e-05
9749.498997995992 1.714267487111307e-05
9765.531062124248 1.7043525421209314e-05
9781.563126252506 1.5896900025123438e-05
9797.595190380762 1.577305600347611e-05
9813.627254509018 1.4603328020922726e-05
9829.659318637276 1.4656732255301823e-05
9845.69138276553 1.3955321044315426e-05
9861.723446893788 1.3397830741913461e-05
9877.755511022044 1.2714140482813373e-05
9893.787575150302 1.25136628627981e-05
9909.819639278558 1.2228727430901728e-05
9925.851703406814 1.209143359609212e-05
9941.88376753507 1.115963033072451e-05
9957.915831663326 1.07247941829436e-05
9973.947895791584 1.0809059097869023e-05
9989.97995991984 1.0555689778850318e-05
10006.012024048097 1.0505885165323224e-05
10022.044088176353 9.907368584545257e-06
10038.07615230461 9.936201538419452e-06
10054.108216432865 9.882686086768027e-06
10070.140280561121 1.0195543875750376e-05
10086.17234468938 9.606754173260774e-06
10102.204408817635 9.209285698565943e-06
10118.236472945893 9.099355309770672e-06
10134.268537074147 9.202475274532098e-06
10150.300601202405 8.858137174225831e-06
10166.332665330661 8.733154269939738e-06
10182.364729458917 8.529155367978107e-06
10198.396793587175 8.558594998418577e-06
10214.428857715431 8.392245890942624e-06
10230.460921843687 8.371517319852418e-06
10246.492985971945 7.954748305170196e-06
10262.525050100201 7.893056989243666e-06
10278.557114228457 7.317098903609873e-06
10294.589178356713 7.12075108571985e-06
10310.621242484973 6.738565425074228e-06
10326.653306613225 6.474668346494912e-06
10342.685370741483 5.983588273887161e-06
10358.71743486974 5.840784627899118e-06
10374.749498997997 5.0729212038620586e-06
10390.781563126253 5.267939715689736e-06
10406.813627254509 4.953371951747061e-06
10422.845691382765 4.500665064019147e-06
10438.877755511021 4.239900054388431e-06
10454.909819639279 3.810130748388026e-06
10470.941883767537 3.5092035765240174e-06
10486.973947895793 3.1604503403484426e-06
10503.006012024049 2.879692872863067e-06
10519.038076152305 2.5082869038454535e-06
10535.07014028056 2.4705141342334835e-06
10551.102204408817 2.348127656635273e-06
10567.134268537075 2.2508513050628026e-06
10583.166332665332 2.025820230869295e-06
10599.198396793585 1.9314484273195833e-06
10615.230460921844 1.8558699604115174e-06
10631.2625250501 1.7158138230718341e-06
10647.294589178357 1.644811252832027e-06
10663.326653306613 1.5216779716222886e-06
10679.35871743487 1.448639542998155e-06
10695.390781563126 1.4179800152913453e-06
10711.42284569138 1.2869255090989817e-06
10727.45490981964 1.249624236348654e-06
10743.486973947896 1.216029432139562e-06
10759.519038076152 1.1066328713366651e-06
10775.551102204408 1.0674807429618196e-06
10791.583166332666 9.386455645839563e-07
10807.615230460922 1.011924115632241e-06
10823.647294589176 1.0047892754900954e-06
10839.679358717436 1.0891333399102955e-06
10855.711422845692 1.0783144236815346e-06
10871.743486973948 1.1858767030313557e-06
10887.775551102204 1.2264242489856072e-06
10903.807615230462 1.282789987909177e-06
10919.839679358718 1.2834679252279043e-06
10935.871743486972 0.0
10951.903807615232 0.0
10967.935871743488 0.0
10983.967935871742 0.0
11000.0 0.0
