3000.0 0.0
3016.032064128257 0.0
3032.064128256513 0.0
3048.0961923847694 0.0
3064.1282565130264 0.0
3080.1603206412824 0.0
3096.192384769539 0.0
3112.224448897796 0.0
3128.256513026052 0.0
3144.2885771543088 0.0
3160.3206412825652 0.0
3176.3527054108217 0.0
3192.384769539078 0.0
3208.4168336673347 0.0
3224.448897795591 0.0
3240.4809619238476 0.0
3256.5130260521046 0.0
3272.5450901803606 0.0
3288.5771543086175 0.0
3304.609218436874 0.0
3320.64128256513 0.0
3336.673346693387 0.0
3352.705410821643 0.0
3368.7374749498995 0.0
3384.7695390781564 0.0
3400.8016032064133 0.0
3416.8336673346694 0.0
3432.865731462926 0.0
3448.8977955911823 0.0
3464.929859719439 0.0
3480.9619238476953 0.0
3496.993987975952 0.0
3513.0260521042082 -3.110137007830446e-07
3529.058116232465 -8.222102095441422e-07
3545.090180360721 -3.786588460379948e-07
3561.122244488978 -4.3634381265969325e-07
3577.1543086172346 -7.329156199469944e-07
3593.1863727454906 -2.2760736711064192e-07
3609.2184368737476 -7.623780825837636e-07
3625.250501002004 -5.842448773388705e-07
3641.28256513026 -2.6963410213434415e-07
3657.314629258517 -7.193313664028592e-07
3673.346693386774 -5.722662541454827e-07
3689.3787575150304 -7.078504012011992e-07
3705.4108216432865 -8.849949275857644e-07
3721.4428857715434 -3.1968754987684483e-07
3737.4749498997994 -7.5892782871109e-07
3753.507014028056 -2.39477587137946e-07
3769.539078156313 -9.586778669881088e-07
3785.571142284569 -4.1808621346656193e-07
3801.603206412826 -1.084924744225535e-06
3817.6352705410823 -4.710637047258141e-07
3833.6673346693387 -3.820604667315793e-07
3849.699398797595 -3.87756651434186e-07
3865.7314629258517 -4.3723937745417815e-07
3881.763527054108 5.326284912864239e-07
3897.7955911823647 -1.8014178273082918e-06
3913.8276553106216 -9.522634145706704e-07
3929.8597194388776 -3.5330523048677775e-07
3945.8917835671346 -8.365037496482699e-07
3961.923847695391 -4.1391184427220097e-07
3977.955911823647 4.606412162459442e-07
3993.987975951904 -1.0087161418174545e-06
4010.02004008016 -7.826838201219013e-07
4026.0521042084165 -1.1040893446225807e-06
4042.0841683366734 -9.19388807898633e-07
4058.1162324649304 -1.8341630357361666e-07
4074.1482965931864 3.201520218627118e-08
4090.180360721443 7.906773921210933e-07
4106.212424849699 -4.1442424869946475e-07
4122.244488977956 -1.179431028334708e-06
4138.276553106212 -1.763346360397479e-06
4154.308617234469 -2.3613568835922498e-07
4170.340681362725 1.213289705715816e-06
4186.372745490982 9.144916237982773e-07
4202.404809619238 4.334163857269985e-06
4218.436873747495 2.0842216268264697e-06
4234.468937875752 2.104605730911638e-06
4250.501002004008 3.1222126656058725e-06
4266.533066132264 2.5566042615753995e-06
4282.565130260521 1.3807925267142095e-06
4298.597194388777 1.588106471612907e-06
4314.629258517034 2.892883732998486e-06
4330.661322645291 1.696905190090299e-06
4346.693386773548 2.758522743882881e-06
4362.725450901804 7.0849497042458755e-06
4378.75751503006 1.791162691064268e-05
4394.789579158316 1.0088352970473896e-05
4410.821643286573 2.8557352420214585e-06
4426.85370741483 2.766175202050773e-07
4442.885771543087 1.9296551099286984e-07
4458.917835671343 -1.7096196940252816e-06
4474.949899799599 1.146271652765358e-07
4490.981963927856 3.266394542688809e-08
4507.014028056112 -6.698003935190698e-07
4523.046092184369 7.455443010083324e-08
4539.078156312626 -2.1316114760431603e-06
4555.110220440882 1.0243933645995364e-06
4571.142284569138 2.656193621270041e-07
4587.174348697395 2.3908885629697588e-06
4603.206412825652 4.218374116613031e-06
4619.238476953908 5.446137592377077e-06
4635.2705410821645 1.7912247791567664e-05
4651.302605210421 4.452974648184539e-05
4667.3346693386775 7.472976094939736e-05
4683.3667334669335 6.230013817214795e-05
4699.39879759519 2.7242517935778112e-05
4715.430861723447 9.311652694700888e-06
4731.462925851703 2.372996685691283e-06
4747.49498997996 2.0572799338270067e-06
4763.527054108216 1.229340489659999e-06
4779.559118236473 1.0803743812314725e-06
4795.591182364729 1.2983892435190806e-06
4811.623246492986 1.417208497365591e-06
4827.655310621243 2.014622415262112e-06
4843.687374749499 3.7080854600417108e-06
4859.719438877755 6.478148993655628e-06
4875.751503006012 1.078422077295009e-05
4891.783567134269 2.144396155711748e-05
4907.815631262525 3.6592373158645874e-05
4923.847695390781 4.146729690837863e-05
4939.879759519038 3.255331631395707e-05
4955.911823647294 2.1043518978479794e-05
4971.943887775551 1.4061676113937196e-05
4987.975951903808 9.756129610179934e-06
5004.008016032065 9.009482414873315e-06
5020.040080160321 9.585369226816943e-06
5036.072144288577 7.571872834918623e-06
5052.104208416833 1.0166481470398254e-05
5068.13627254509 1.1335389096433539e-05
5084.168336673347 1.5493049277354687e-05
5100.200400801604 2.23908232665115e-05
5116.23246492986 2.795122931020424e-05
5132.264529058116 3.684230236374119e-05
5148.296593186373 4.0547482094527706e-05
5164.328657314629 4.080076780844299e-05
5180.360721442886 4.039007707207761e-05
5196.392785571143 3.9048393034949994e-05
5212.424849699399 3.8477978808924426e-05
5228.4569138276565 3.571173054339219e-05
5244.488977955912 3.255718214267125e-05
5260.521042084169 2.9425047228557623e-05
5276.553106212425 2.259402477240106e-05
5292.5851703406815 1.940859491563411e-05
5308.6172344689385 1.7110953061469585e-05
5324.6492985971945 1.647983190712557e-05
5340.6813627254505 1.672657556735254e-05
5356.7134268537075 1.7608838533040267e-05
5372.745490981964 1.9611663671992877e-05
5388.77755511022 2.2194414251597358e-05
5404.809619238476 2.790470513096331e-05
5420.841683366733 3.6807380228766626e-05
5436.87374749499 5.1969506825497054e-05
5452.905811623246 7.776230133108528e-05
5468.937875751503 0.0001228893515916326
5484.96993987976 0.0002084704512514776
5501.002004008016 0.00036331754382364306
5517.034068136272 0.0006778324660475496
5533.066132264529 0.00132755611966654
5549.098196392786 0.0026065505454458703
5565.130260521042 0.005445034346930271
5581.162324649299 0.011117771582939641
5597.194388777554 0.023282425388352013
5613.226452905812 0.04645676998790121
5629.258517034068 0.08743515589758273
5645.290581162325 0.15420803728936416
5661.322645290582 0.2387628515035867
5677.354709418837 0.33128970302906185
5693.386773547095 0.41675428983060037
5709.41883767535 0.4883169081297182
5725.450901803607 0.5398760576769954
5741.482965931864 0.5739066728349884
5757.515030060121 0.594047072917386
5773.547094188378 0.6078730147102889
5789.579158316633 0.6195312559403013
5805.611222444891 0.6291450445855757
5821.643286573146 0.6354809592946462
5837.675350701403 0.6378486815938501
5853.70741482966 0.637374055097887
5869.739478957916 0.6355807822970673
5885.771543086174 0.6331889182835889
5901.803607214429 0.6301623410403303
5917.835671342686 0.6258970400419145
5933.867735470942 0.62006554539065
5949.899799599198 0.6133241937179469
5965.9318637274555 0.6071610028083282
5981.9639278557115 0.602306416976011
5997.9959919839675 0.5990561439730849
6014.0280561122245 0.5969309303290717
6030.060120240481 0.5952457999290363
6046.092184368737 0.5931402607321419
6062.1242484969935 0.5905189945117367
6078.156312625251 0.5876211200397389
6094.188376753507 0.5848273751018996
6110.220440881763 0.5820568172795536
6126.25250501002 0.5795243297965634
6142.284569138275 0.5771471436598387
6158.316633266533 0.5745032613595049
6174.348697394789 0.5716869444116288
6190.380761523046 0.5688924427602597
6206.412825651303 0.5663763355011362
6222.444889779559 0.564063792451912
6238.476953907816 0.5615244072933913
6254.509018036071 0.5571181599163736
6270.541082164329 0.551839919006677
6286.573146292585 0.5460661184658768
6302.605210420842 0.5402324889246783
6318.637274549099 0.5349761663971563
6334.669338677354 0.5306179167157882
6350.701402805612 0.5269174836706685
6366.733466933867 0.5238039550430268
6382.765531062124 0.5205539387873446
6398.797595190381 0.5166972408064956
6414.829659318638 0.5121016084110893
6430.861723446895 0.5069278228376214
6446.89378757515 0.5014962160203573
6462.925851703408 0.49627846397519937
6478.957915831663 0.4912247671764203
6494.98997995992 0.4866387840994682
6511.022044088177 0.48260428630273533
6527.054108216433 0.47800399810904914
6543.086172344691 0.47288311189385474
6559.118236472946 0.4674888547403334
6575.150300601203 0.46252468024931365
6591.182364729459 0.45834317378951417
6607.214428857716 0.45525259404899604
6623.2464929859725 0.4528509718376711
6639.2785571142285 0.4509813972115541
6655.310621242486 0.4490590920762143
6671.3426853707415 0.44677009319170374
6687.374749498998 0.443661621079608
6703.406813627254 0.43981734731999267
6719.4388777555105 0.4354478973926703
6735.470941883768 0.4310562576203451
6751.503006012024 0.42581883821651695
6767.53507014028 0.4191788663757091
6783.567134268537 0.40948342613630095
6799.599198396792 0.3985598999210209
6815.63126252505 0.3865582358681669
6831.663326653306 0.3740978266227219
6847.695390781563 0.36126615415321567
6863.72745490982 0.34717374431234077
6879.759519038076 0.3292335268686493
6895.791583166333 0.30199851308299314
6911.823647294588 0.26333275823433566
6927.855711422846 0.21187169205253772
6943.887775551102 0.15445580576757645
6959.919839679359 0.10160350724244857
6975.951903807616 0.06280324424590146
6991.983967935871 0.03644545762036844
7008.016032064129 0.020874617871693806
7024.048096192384 0.011971025740631486
7040.080160320641 0.006751228947942312
7056.112224448898 0.004015547177669988
7072.144288577155 0.0023821749989818876
7088.176352705412 0.0014571773250001104
7104.208416833667 0.0009095375069469503
7120.240480961925 0.0005762970942482118
7136.27254509018 0.0003828223574156869
7152.304609218437 0.0002525095515466732
7168.336673346694 0.00017092263202671528
7184.36873747495 0.00011831274615072081
7200.400801603208 8.244616604139026e-05
7216.432865731463 5.925901225904426e-05
7232.46492985972 4.234719867335659e-05
7248.496993987976 3.082443653700713e-05
7264.529058116233 2.3326232592864927e-05
7280.5611222444895 1.661051765083991e-05
7296.593186372746 1.3066798074623209e-05
7312.625250501003 1.04438689261969e-05
7328.6573146292585 7.960289256526468e-06
7344.689378757515 6.44809838500425e-06
7360.7214428857715 4.798327370885601e-06
7376.7535070140275 3.959037314139164e-06
7392.785571142285 3.4539617610150763e-06
7408.817635270541 2.349765796162962e-06
7424.849699398797 1.871554034991987e-06
7440.881763527054 1.2448721180419252e-06
7456.913827655311 9.71119366843368e-07
7472.945891783567 8.702963213222998e-07
7488.977955911823 4.2114446745010783e-07
7505.010020040081 4.978596856228876e-07
7521.042084168337 3.0024268559555563e-07
7537.074148296593 3.9189801498967134e-07
7553.10621242485 -8.243106078697557e-08
7569.138276553105 3.122651099067148e-07
7585.170340681363 -7.32749329602858e-08
7601.202404809619 6.113405817188629e-07
7617.234468937876 5.2640538114359e-08
7633.266533066133 3.784943654245335e-07
7649.298597194388 7.86912072948067e-07
7665.330661322646 4.5513986966482045e-08
7681.362725450901 -1.2754418431624314e-07
7697.394789579158 -5.451304664774205e-08
7713.426853707415 -2.064841527283433e-07
7729.458917835672 -7.320123533828675e-08
7745.490981963929 -2.524647173482463e-08
7761.523046092184 -2.69861828579591e-07
7777.555110220442 -2.419235139971713e-07
7793.587174348697 -1.2052591324866405e-07
7809.619238476954 -6.475851103639321e-07
7825.651302605211 -2.7469096488113855e-07
7841.683366733467 -3.2830943259308925e-07
7857.715430861725 -6.469729254320942e-07
7873.74749498998 -3.3149049460524885e-08
7889.779559118237 -3.4079063991547184e-07
7905.811623246493 -4.4862805048946226e-07
7921.84368737475 3.9205059218447476e-08
7937.8757515030065 -1.870069491927067e-07
7953.907815631263 -1.4191100156386992e-07
7969.93987975952 -5.254666736100472e-08
7985.9719438877755 3.1594848395238333e-07
8002.0040080160325 9.734447480992474e-05
8018.0360721442885 9.606439386714046e-05
8034.0681362725445 9.85314895266015e-05
8050.100200400802 9.07410688578971e-05
8066.132264529058 9.55414650984771e-05
8082.164328657314 9.071953005674246e-05
8098.196392785571 8.981191632331072e-05
8114.228456913828 8.926486844797974e-05
8130.260521042084 9.012317151954702e-05
8146.29258517034 8.869947608481174e-05
8162.324649298597 8.12325245188921e-05
8178.356713426854 8.489364234138416e-05
8194.38877755511 8.321298104364003e-05
8210.420841683368 8.542058712325396e-05
8226.452905811624 8.516156899589855e-05
8242.48496993988 8.280711688155395e-05
8258.517034068136 8.017917429623549e-05
8274.549098196392 8.226976954759865e-05
8290.58116232465 8.034882195179678e-05
8306.613226452906 7.926391305706832e-05
8322.645290581164 7.739746245125743e-05
8338.677354709418 7.855512038865972e-05
8354.709418837676 7.851813651909296e-05
8370.741482965932 7.351208454988272e-05
8386.773547094188 7.567155183251389e-05
8402.805611222446 7.33334993635482e-05
8418.837675350702 7.438331595655775e-05
8434.869739478958 7.386907902248648e-05
8450.901803607214 7.048621443773492e-05
8466.933867735472 6.911764411403317e-05
8482.965931863728 6.9188513000481e-05
8498.997995991984 7.270190666434294e-05
8515.030060120242 7.18061151763844e-05
8531.062124248496 7.031591681012732e-05
8547.094188376754 6.900682096417172e-05
8563.12625250501 7.016219120948631e-05
8579.158316633268 6.952226977147761e-05
8595.190380761524 6.754692879018973e-05
8611.22244488978 6.372457372229595e-05
8627.254509018036 6.361308285222615e-05
8643.286573146292 6.350524935430527e-05
8659.31863727455 6.128388629434894e-05
8675.350701402805 6.284648241539368e-05
8691.382765531063 6.149364827501051e-05
8707.41482965932 6.177103051160098e-05
8723.446893787575 6.091334058540157e-05
8739.478957915831 5.7920842834657346e-05
8755.511022044087 5.887926667081398e-05
8771.543086172345 5.935562321986476e-05
8787.575150300601 5.833573013276203e-05
8803.607214428857 5.558187770023606e-05
8819.639278557113 5.7203553158121224e-05
8835.671342685371 5.568398554626859e-05
8851.703406813627 5.462261552124217e-05
8867.735470941883 5.393995129479953e-05
8883.767535070141 5.465416568818095e-05
8899.799599198397 5.028749714023388e-05
8915.831663326653 4.975310548464391e-05
8931.86372745491 4.757106561643016e-05
8947.895791583167 4.8150970600116885e-05
8963.927855711423 4.790691233732847e-05
8979.959919839679 4.695425491639619e-05
8995.991983967935 4.685119009679221e-05
9012.024048096193 4.56919391073418e-05
9028.056112224449 4.6017932629656096e-05
9044.088176352705 4.2712156384588514e-05
9060.120240480963 4.24224928762295e-05
9076.152304609219 4.1275072170638274e-05
9092.184368737475 4.082116949592873e-05
9108.21643286573 4.0354394614755545e-05
9124.248496993989 3.7635953313027695e-05
9140.280561122245 3.808694554250183e-05
9156.3126252505 3.634973513754934e-05
9172.344689378759 3.6222454429834494e-05
9188.376753507015 3.570543207166242e-05
9204.40881763527 3.2302647524214034e-05
9220.440881763527 3.372005607499653e-05
9236.472945891785 3.325660999807598e-05
9252.50501002004 3.0083451315445112e-05
9268.537074148297 2.975773845327099e-05
9284.569138276553 3.0141058713414896e-05
9300.60120240481 3.064828648024136e-05
9316.633266533066 3.1492148242556755e-05
9332.665330661323 3.089343376278333e-05
9348.69739478958 2.990146307368223e-05
9364.729458917836 3.0876077845347675e-05
9380.761523046092 3.130817599575267e-05
9396.793587174348 3.0147773752058306e-05
9412.825651302606 2.940478279083718e-05
9428.857715430862 2.9251732847591644e-05
9444.889779559118 3.0207862303939642e-05
9460.921843687376 2.856960702518486e-05
9476.95390781563 2.780693764565953e-05
9492.985971943888 2.843745647769228e-05
9509.018036072144 2.7729992293273173e-05
9525.050100200402 2.8020365963441605e-05
9541.082164328658 2.6467245345843755e-05
9557.114228456914 2.5645849591881526e-05
9573.14629258517 2.4819685771340865e-05
9589.178356713426 2.4765226306492674e-05
9605.210420841684 2.388050162311262e-05
9621.24248496994 2.2864579887631887e-05
9637.274549098198 2.2269445506029545e-05
9653.306613226452 2.2205194631685573e-05
9669.33867735471 2.0704100391928488e-05
9685.370741482966 2.0824813684607075e-05
9701.402805611222 1.967561966759125e-05
9717.43486973948 1.9261466883447543e-05
9733.466933867736 1.8663987562432253e-05
9749.498997995992 1.7992036128060057e-05
9765.531062124248 1.7051463865533417e-05
9781.563126252506 1.657135763188547e-05
9797.595190380762 1.571740220941435e-05
9813.627254509018 1.6164972802191076e-05
9829.659318637276 1.527910446783217e-05
9845.69138276553 1.4578803665426192e-05
9861.723446893788 1.434769866051165e-05
9877.755511022044 1.358800854305458e-05
9893.787575150302 1.3497253919864969e-05
9909.819639278558 1.264933685323558e-05
9925.851703406814 1.2689592020717909e-05
9941.88376753507 1.2255829529180727e-05
9957.915831663326 1.165934494171e-05
9973.947895791584 1.166825227075528e-05
9989.97995991984 1.157014621141057e-05
10006.012024048097 1.1091787908659308e-05
10022.044088176353 1.0900308004809795e-05
10038.07615230461 1.1173379933864156e-05
10054.108216432865 1.1047046113572558e-05
10070.140280561121 1.035873319274339e-05
10086.17234468938 1.0411933549251216e-05
10102.204408817635 1.0425634414971936e-05
10118.236472945893 9.938845265880652e-06
10134.268537074147 9.887178551537025e-06
10150.300601202405 9.616271231278815e-06
10166.332665330661 9.333941014774202e-06
10182.364729458917 9.427112253979468e-06
10198.396793587175 9.173162464233468e-06
10214.428857715431 9.162127725521057e-06
10230.460921843687 8.576797280406558e-06
10246.492985971945 8.893853831795065e-06
10262.525050100201 8.598785835298434e-06
10278.557114228457 7.989687815625511e-06
10294.589178356713 7.986224946150878e-06
10310.621242484973 7.5832984934599866e-06
10326.653306613225 7.007445535081338e-06
10342.685370741483 6.7572106467415834e-06
10358.71743486974 6.404926025972819e-06
10374.749498997997 5.883106596939656e-06
10390.781563126253 5.646228906759267e-06
10406.813627254509 5.425240532000671e-06
10422.845691382765 4.84726323996389e-06
10438.877755511021 4.618435306407327e-06
10454.909819639279 4.229702056634483e-06
10470.941883767537 3.7280274880474647e-06
10486.973947895793 3.3853526408224444e-06
10503.006012024049 2.944743831462771e-06
10519.038076152305 2.6683926144081177e-06
10535.07014028056 2.4055501559152924e-06
10551.102204408817 2.4121374618631537e-06
10567.134268537075 2.1957331875020205e-06
10583.166332665332 2.155734012763037e-06
10599.198396793585 2.0280388794804418e-06
10615.230460921844 1.9454642133293602e-06
10631.2625250501 1.8182604308937486e-06
10647.294589178357 1.6790788327494459e-06
10663.326653306613 1.6141728173675754e-06
10679.35871743487 1.5567036480849669e-06
10695.390781563126 1.4796339561055813e-06
10711.42284569138 1.3813414074809773e-06
10727.45490981964 1.3382437327917187e-06
10743.486973947896 1.2444546534991212e-06
10759.519038076152 1.1608373624409734e-06
10775.551102204408 1.0739907042382386e-06
10791.583166332666 9.73640678271502e-07
10807.615230460922 9.811908731409053e-07
10823.647294589176 1.0773252758276811e-06
10839.679358717436 1.086411052534025e-06
10855.711422845692 1.1048568037258229e-06
10871.743486973948 1.1984484079600364e-06
10887.775551102204 1.2218529879291495e-06
10903.807615230462 1.19830023160322e-06
10919.839679358718 1.3015709626007313e-06
10935.871743486972 0.0
10951.903807615232 0.0
10967.935871743488 0.0
10983.967935871742 0.0
11000.0 0.0
