3000.0 0.0
3016.032064128257 0.0
3032.064128256513 0.0
3048.0961923847694 0.0
3064.1282565130264 0.0
3080.1603206412824 0.0
3096.192384769539 0.0
3112.224448897796 0.0
3128.256513026052 0.0
3144.2885771543088 0.0
3160.3206412825652 0.0
3176.3527054108217 0.0
3192.384769539078 0.0
3208.4168336673347 0.0
3224.448897795591 0.0
3240.4809619238476 0.0
3256.5130260521046 0.0
3272.5450901803606 0.0
3288.5771543086175 0.0
3304.609218436874 0.0
3320.64128256513 0.0
3336.673346693387 0.0
3352.705410821643 0.0
3368.7374749498995 0.0
3384.7695390781564 0.0
3400.8016032064133 0.0
3416.8336673346694 0.0
3432.865731462926 0.0
3448.8977955911823 0.0
3464.929859719439 0.0
3480.9619238476953 0.0
3496.993987975952 0.0
3513.0260521042082 -2.803182482917213e-07
3529.058116232465 -7.055615712064439e-07
3545.090180360721 -1.2553033905655308e-07
3561.122244488978 -1.0826827144055507e-07
3577.1543086172346 -2.48778687209212e-07
3593.1863727454906 -2.6499153311827623e-07
3609.2184368737476 -7.123567245188243e-07
3625.250501002004 -5.444055645977275e-07
3641.28256513026 -5.636024910062243e-07
3657.314629258517 -1.2282046684867265e-06
3673.346693386774 -5.240594296335536e-07
3689.3787575150304 -1.864548205576077e-07
3705.4108216432865 -3.2254993268683605e-07
3721.4428857715434 -6.404492239647549e-08
3737.4749498997994 -2.1200300855762513e-07
3753.507014028056 2.755704608170812e-08
3769.539078156313 -7.615385360069033e-07
3785.571142284569 -1.4109421443660693e-07
3801.603206412826 -5.007101045549689e-07
3817.6352705410823 -4.725185066083627e-09
3833.6673346693387 -8.910995177887392e-08
3849.699398797595 -1.3883763012733973e-07
3865.7314629258517 -1.565399785164887e-08
3881.763527054108 1.5347262025390599e-06
3897.7955911823647 6.624859964564192e-06
3913.8276553106216 0.00012050920271251513
3929.8597194388776 0.0021147391807320396
3945.8917835671346 0.04597991555195962
3961.923847695391 0.19982605177093982
3977.955911823647 0.4081661166648645
3993.987975951904 0.5114820369507055
4010.02004008016 0.5442896378317925
4026.0521042084165 0.5568403576438251
4042.0841683366734 0.5714983883866896
4058.1162324649304 0.5876173709766552
4074.1482965931864 0.6031522428190819
4090.180360721443 0.6167366927567963
4106.212424849699 0.6270947748540732
4122.244488977956 0.6398257851322693
4138.276553106212 0.6466723272048965
4154.308617234469 0.6532731484496366
4170.340681362725 0.6677869212433343
4186.372745490982 0.6785753964187689
4202.404809619238 0.6865593819881028
4218.436873747495 0.6972968123228729
4234.468937875752 0.7060816883338126
4250.501002004008 0.7156484337548514
4266.533066132264 0.7220489559084813
4282.565130260521 0.7233899278487633
4298.597194388777 0.7250366017919473
4314.629258517034 0.734079919020688
4330.661322645291 0.7416855967467733
4346.693386773548 0.7414590918471535
4362.725450901804 0.7436574297121099
4378.75751503006 0.7505073484990741
4394.789579158316 0.7550528454531653
4410.821643286573 0.7579329777075677
4426.85370741483 0.763943597358028
4442.885771543087 0.7696997397345585
4458.917835671343 0.7725829967245681
4474.949899799599 0.7763978739305932
4490.981963927856 0.7828328686699817
4507.014028056112 0.787064807571303
4523.046092184369 0.7873965995225248
4539.078156312626 0.7886880222684527
4555.110220440882 0.7895891253059177
4571.142284569138 0.7881717040695193
4587.174348697395 0.78725035842382
4603.206412825652 0.7904142223378635
4619.238476953908 0.7953042776400859
4635.2705410821645 0.7962012769433803
4651.302605210421 0.7949335184570647
4667.3346693386775 0.7965544191789068
4683.3667334669335 0.8002193693611399
4699.39879759519 0.8006985792702203
4715.430861723447 0.7969007654603617
4731.462925851703 0.7945998370261931
4747.49498997996 0.7971667571759995
4763.527054108216 0.8010352668806142
4779.559118236473 0.8028292672213856
4795.591182364729 0.8022568551636718
4811.623246492986 0.8024150903118826
4827.655310621243 0.8035198850253008
4843.687374749499 0.8031054459649216
4859.719438877755 0.8011526713881466
4875.751503006012 0.8007855878079936
4891.783567134269 0.8025568858432569
4907.815631262525 0.80245776455209
4923.847695390781 0.7976489924126405
4939.879759519038 0.7911346416031129
4955.911823647294 0.7900171045220087
4971.943887775551 0.7953941591937589
4987.975951903808 0.8027363353928056
5004.008016032065 0.8048624291234892
5020.040080160321 0.8006146344722843
5036.072144288577 0.7965687084972207
5052.104208416833 0.7969248145635002
5068.13627254509 0.7994882420055233
5084.168336673347 0.7988743187159975
5100.200400801604 0.7945552102802288
5116.23246492986 0.7910859101177635
5132.264529058116 0.7908636474874491
5148.296593186373 0.7907147394807721
5164.328657314629 0.7857804228374942
5180.360721442886 0.7774179609935424
5196.392785571143 0.7719736495498353
5212.424849699399 0.7728648074947663
5228.4569138276565 0.7757189979812084
5244.488977955912 0.76938116557966
5260.521042084169 0.7507835660116469
5276.553106212425 0.7290420093569574
5292.5851703406815 0.7194635522818097
5308.6172344689385 0.7276482923054977
5324.6492985971945 0.7455185598932269
5340.6813627254505 0.758004021339974
5356.7134268537075 0.7570522733468444
5372.745490981964 0.7504449130148925
5388.77755511022 0.7473548852687328
5404.809619238476 0.7470078363429687
5420.841683366733 0.7413860071862094
5436.87374749499 0.727236251205768
5452.905811623246 0.7152686246032997
5468.937875751503 0.7110103330806158
5484.96993987976 0.6880094512943499
5501.002004008016 0.6081566341454092
5517.034068136272 0.45951665609398745
5533.066132264529 0.29649456268850605
5549.098196392786 0.16724595259025743
5565.130260521042 0.0859473022282751
5581.162324649299 0.04084051888308699
5597.194388777554 0.020210505019341345
5613.226452905812 0.010712271459610814
5629.258517034068 0.006143951695899521
5645.290581162325 0.0038735460888354154
5661.322645290582 0.0025871007350404796
5677.354709418837 0.0018171137875831898
5693.386773547095 0.0012985077477085435
5709.41883767535 0.0009102942525463112
5725.450901803607 0.0006255176248821547
5741.482965931864 0.00041454797401242467
5757.515030060121 0.0002803143216464618
5773.547094188378 0.00019361644969545858
5789.579158316633 0.00013923336000469636
5805.611222444891 0.00010508112392040781
5821.643286573146 8.228748591332335e-05
5837.675350701403 6.867691788665808e-05
5853.70741482966 5.735855597957369e-05
5869.739478957916 4.910773833997234e-05
5885.771543086174 4.11072028427147e-05
5901.803607214429 3.397355945217272e-05
5917.835671342686 2.7932169854749758e-05
5933.867735470942 2.2595462718150728e-05
5949.899799599198 1.7150388607300548e-05
5965.9318637274555 1.4379499407101552e-05
5981.9639278557115 1.137241161671067e-05
5997.9959919839675 9.254825663271992e-06
6014.0280561122245 8.75099002839154e-06
6030.060120240481 6.8269983847607585e-06
6046.092184368737 6.5798295589721405e-06
6062.1242484969935 6.240116098699889e-06
6078.156312625251 5.897788678302324e-06
6094.188376753507 6.005441135883349e-06
6110.220440881763 5.178158997804919e-06
6126.25250501002 4.174851776961108e-06
6142.284569138275 4.513086124157081e-06
6158.316633266533 3.019316168767455e-06
6174.348697394789 2.726981893009151e-06
6190.380761523046 2.3645868978372747e-06
6206.412825651303 2.1712593136649594e-06
6222.444889779559 1.1067381840381514e-06
6238.476953907816 2.0548661004397476e-06
6254.509018036071 1.0996913658976357e-06
6270.541082164329 1.173299391092603e-06
6286.573146292585 8.370219233718894e-07
6302.605210420842 1.6175520088122995e-06
6318.637274549099 2.0135846730270787e-06
6334.669338677354 1.5204411600700294e-06
6350.701402805612 1.5376107069410318e-06
6366.733466933867 1.8749835958039354e-06
6382.765531062124 8.116165597243465e-07
6398.797595190381 1.2517546785573298e-06
6414.829659318638 1.4983831056409159e-06
6430.861723446895 5.418306597264797e-07
6446.89378757515 7.166570519599742e-07
6462.925851703408 1.924687956166754e-07
6478.957915831663 3.958231716248e-07
6494.98997995992 7.395097959949301e-07
6511.022044088177 4.3077204742291566e-07
6527.054108216433 8.966928463338708e-07
6543.086172344691 5.216174946932565e-07
6559.118236472946 9.257325768861886e-07
6575.150300601203 4.130907767352276e-07
6591.182364729459 1.0426183361144123e-07
6607.214428857716 6.125727442196795e-07
6623.2464929859725 1.6522790541913885e-07
6639.2785571142285 -3.2321125370011666e-07
6655.310621242486 -3.993421415026615e-08
6671.3426853707415 -4.57221716919412e-07
6687.374749498998 1.3277640588238213e-07
6703.406813627254 -3.573756740514846e-07
6719.4388777555105 6.971701808973346e-07
6735.470941883768 -7.785478330739039e-08
6751.503006012024 1.1612874102968517e-06
6767.53507014028 4.891901958649286e-08
6783.567134268537 2.218046336987647e-07
6799.599198396792 1.169323305500213e-06
6815.63126252505 -8.821886719670094e-07
6831.663326653306 -1.4475488168269865e-07
6847.695390781563 -5.049000541625455e-07
6863.72745490982 -1.150196119468268e-06
6879.759519038076 -5.830357966328902e-08
6895.791583166333 -1.117191914521654e-06
6911.823647294588 -3.3497566568187137e-07
6927.855711422846 -6.587647406186581e-07
6943.887775551102 8.107105804910184e-08
6959.919839679359 -6.76853407547172e-07
6975.951903807616 7.120328070403061e-10
6991.983967935871 -3.6191294534951865e-07
7008.016032064129 -9.90722430161265e-07
7024.048096192384 -5.349807820063697e-07
7040.080160320641 -1.165648001777808e-06
7056.112224448898 -5.795256144570901e-07
7072.144288577155 -5.108599095671626e-07
7088.176352705412 -7.384008159732335e-07
7104.208416833667 -5.876996896585554e-07
7120.240480961925 -6.136088672678219e-07
7136.27254509018 -1.9622829463614523e-07
7152.304609218437 -3.67257077514534e-07
7168.336673346694 2.8462944576295605e-08
7184.36873747495 -6.455234692117954e-07
7200.400801603208 -5.80361802034384e-07
7216.432865731463 -2.211886422546895e-07
7232.46492985972 1.1212987229357127e-07
7248.496993987976 -3.8737821658497954e-07
7264.529058116233 8.851511526611829e-07
7280.5611222444895 1.3535505247365787e-07
7296.593186372746 4.331424431914412e-07
7312.625250501003 1.2162204376749544e-06
7328.6573146292585 9.11174769258715e-07
7344.689378757515 1.0991567583521095e-06
7360.7214428857715 1.4487253247387774e-06
7376.7535070140275 2.1787375184896146e-06
7392.785571142285 3.649849556300531e-06
7408.817635270541 4.692572990018382e-06
7424.849699398797 5.59552645636403e-06
7440.881763527054 6.643421763541779e-06
7456.913827655311 7.008363040275773e-06
7472.945891783567 8.30332297307867e-06
7488.977955911823 8.694714257976974e-06
7505.010020040081 9.27143423252263e-06
7521.042084168337 8.044829730706864e-06
7537.074148296593 6.9644922629814936e-06
7553.10621242485 6.066030643252231e-06
7569.138276553105 4.515874884219342e-06
7585.170340681363 3.290485701829788e-06
7601.202404809619 3.0337370449826865e-06
7617.234468937876 2.4029854735746914e-06
7633.266533066133 1.7061946734431237e-06
7649.298597194388 2.3223484828686984e-06
7665.330661322646 1.4440782999737555e-06
7681.362725450901 1.145648255891559e-06
7697.394789579158 1.4543423649466346e-06
7713.426853707415 1.0135427273377387e-06
7729.458917835672 8.952776624737187e-07
7745.490981963929 1.327755349045942e-06
7761.523046092184 9.260497337945131e-07
7777.555110220442 7.9977141435747e-07
7793.587174348697 7.295579233517988e-07
7809.619238476954 3.962948256237112e-07
7825.651302605211 7.478919346783191e-07
7841.683366733467 1.2839333157425963e-07
7857.715430861725 -1.2783226436921728e-07
7873.74749498998 3.166433565267579e-07
7889.779559118237 -8.401563175427044e-08
7905.811623246493 -4.2485622498035193e-07
7921.84368737475 1.2783749077488158e-07
7937.8757515030065 -6.434692945935303e-07
7953.907815631263 -4.740578829466104e-07
7969.93987975952 -3.714325237873011e-07
7985.9719438877755 -1.1113284359478923e-06
8002.0040080160325 9.939923889390482e-05
8018.0360721442885 9.824210938600901e-05
8034.0681362725445 9.765521597359416e-05
8050.100200400802 9.669060815368882e-05
8066.132264529058 9.450924423854856e-05
8082.164328657314 9.516637634767327e-05
8098.196392785571 9.365432172641836e-05
8114.228456913828 9.346662756903262e-05
8130.260521042084 9.542654498256666e-05
8146.29258517034 9.02105183515328e-05
8162.324649298597 8.962455915329788e-05
8178.356713426854 8.771860981743951e-05
8194.38877755511 8.913985990239009e-05
8210.420841683368 9.005391514790552e-05
8226.452905811624 8.430923516256205e-05
8242.48496993988 8.229109417483662e-05
8258.517034068136 7.731703280024545e-05
8274.549098196392 7.985243379577523e-05
8290.58116232465 7.968330587344428e-05
8306.613226452906 8.236905926382617e-05
8322.645290581164 8.312277953721169e-05
8338.677354709418 8.085637231644558e-05
8354.709418837676 7.892926111927279e-05
8370.741482965932 7.607730992189042e-05
8386.773547094188 7.713346783993828e-05
8402.805611222446 7.662914153547247e-05
8418.837675350702 8.020758017545798e-05
8434.869739478958 7.372626790798297e-05
8450.901803607214 7.189580617233753e-05
8466.933867735472 7.726937951035169e-05
8482.965931863728 7.374182597425522e-05
8498.997995991984 7.307227376176878e-05
8515.030060120242 7.455121273961577e-05
8531.062124248496 7.131783190954363e-05
8547.094188376754 7.107905162576969e-05
8563.12625250501 7.089436374207985e-05
8579.158316633268 6.954017690902862e-05
8595.190380761524 6.942445162932011e-05
8611.22244488978 7.275372657779532e-05
8627.254509018036 6.973031972808956e-05
8643.286573146292 7.035712420359018e-05
8659.31863727455 6.79684443710064e-05
8675.350701402805 6.609583265591283e-05
8691.382765531063 6.921280420118674e-05
8707.41482965932 6.742076603178674e-05
8723.446893787575 6.394630060442114e-05
8739.478957915831 6.587425419414239e-05
8755.511022044087 6.310974194893463e-05
8771.543086172345 6.133660169050063e-05
8787.575150300601 6.110746853510578e-05
8803.607214428857 6.112298321001514e-05
8819.639278557113 5.898144284095983e-05
8835.671342685371 5.6681566967729996e-05
8851.703406813627 5.8901483530895686e-05
8867.735470941883 5.764359953004275e-05
8883.767535070141 5.654452272880618e-05
8899.799599198397 5.462829985089721e-05
8915.831663326653 5.314860752195143e-05
8931.86372745491 5.197709644940255e-05
8947.895791583167 5.0673691067594e-05
8963.927855711423 5.074332979842145e-05
8979.959919839679 5.129525646970001e-05
8995.991983967935 4.678887133241291e-05
9012.024048096193 4.701809007759363e-05
9028.056112224449 4.632914055287681e-05
9044.088176352705 4.616178047026966e-05
9060.120240480963 4.313335479305728e-05
9076.152304609219 4.312342445508126e-05
9092.184368737475 4.165174484266848e-05
9108.21643286573 4.278220313227363e-05
9124.248496993989 3.9492832547669816e-05
9140.280561122245 3.92403855281393e-05
9156.3126252505 3.809065194777745e-05
9172.344689378759 3.6813513529457444e-05
9188.376753507015 3.454490035423366e-05
9204.40881763527 3.534424906068511e-05
9220.440881763527 3.375596539424277e-05
9236.472945891785 3.184413743619774e-05
9252.50501002004 3.126711164201837e-05
9268.537074148297 3.179147781539307e-05
9284.569138276553 3.183736547300775e-05
9300.60120240481 3.2441509102688856e-05
9316.633266533066 3.072558328646023e-05
9332.665330661323 3.0652423963869346e-05
9348.69739478958 3.086359459426347e-05
9364.729458917836 2.9748835840603176e-05
9380.761523046092 2.951470101222195e-05
9396.793587174348 3.0019198039712828e-05
9412.825651302606 2.942786818425025e-05
9428.857715430862 3.076029987282959e-05
9444.889779559118 2.9602082473408462e-05
9460.921843687376 3.0182193532655024e-05
9476.95390781563 2.887533857422891e-05
9492.985971943888 2.8591100913685328e-05
9509.018036072144 2.893655073477036e-05
9525.050100200402 2.789190620587491e-05
9541.082164328658 2.827396293468302e-05
9557.114228456914 2.648933537669995e-05
9573.14629258517 2.5196026656148636e-05
9589.178356713426 2.481258176493459e-05
9605.210420841684 2.4084272805924476e-05
9621.24248496994 2.399226286308178e-05
9637.274549098198 2.4453926426629903e-05
9653.306613226452 2.317236020088566e-05
9669.33867735471 2.068303152451423e-05
9685.370741482966 2.0762126313479423e-05
9701.402805611222 2.0698486982532757e-05
9717.43486973948 2.0193596397257986e-05
9733.466933867736 1.885185658772197e-05
9749.498997995992 1.8056084483172466e-05
9765.531062124248 1.7792144305279543e-05
9781.563126252506 1.7875060956650786e-05
9797.595190380762 1.6618840735078275e-05
9813.627254509018 1.6038075849254108e-05
9829.659318637276 1.481189771087409e-05
9845.69138276553 1.5110986963601972e-05
9861.723446893788 1.4445563603801617e-05
9877.755511022044 1.4369117719669139e-05
9893.787575150302 1.3880654710069454e-05
9909.819639278558 1.3901014914249189e-05
9925.851703406814 1.312863257912621e-05
9941.88376753507 1.3051898945613124e-05
9957.915831663326 1.2483933415170878e-05
9973.947895791584 1.2163032373309542e-05
9989.97995991984 1.1918423947309145e-05
10006.012024048097 1.1325034469518683e-05
10022.044088176353 1.1416025803267177e-05
10038.07615230461 1.1451511619105072e-05
10054.108216432865 1.1260281780588347e-05
10070.140280561121 1.1172464231498307e-05
10086.17234468938 1.0954686914741419e-05
10102.204408817635 1.051297519568739e-05
10118.236472945893 1.0357430914048831e-05
10134.268537074147 9.81214638404862e-06
10150.300601202405 9.744701427839067e-06
10166.332665330661 9.937508046054687e-06
10182.364729458917 9.46310870425723e-06
10198.396793587175 9.563276669459938e-06
10214.428857715431 9.721774000906808e-06
10230.460921843687 9.298350998573613e-06
10246.492985971945 9.037916226644527e-06
10262.525050100201 8.874172433983088e-06
10278.557114228457 8.27448165792863e-06
10294.589178356713 8.089835821061295e-06
10310.621242484973 7.889407200521586e-06
10326.653306613225 7.080730487319686e-06
10342.685370741483 6.998277183727308e-06
10358.71743486974 6.665426552129531e-06
10374.749498997997 6.164444520223938e-06
10390.781563126253 5.851651680230276e-06
10406.813627254509 5.635483134511399e-06
10422.845691382765 5.082666432448557e-06
10438.877755511021 4.7661862640208e-06
10454.909819639279 4.3379181033020635e-06
10470.941883767537 3.933343199727149e-06
10486.973947895793 3.6118011241889207e-06
10503.006012024049 3.2565787489157395e-06
10519.038076152305 2.8515647019517937e-06
10535.07014028056 2.6322331801537924e-06
10551.102204408817 2.6219228288208538e-06
10567.134268537075 2.4005470590665847e-06
10583.166332665332 2.297826479007829e-06
10599.198396793585 2.087029988391875e-06
10615.230460921844 2.033383625609375e-06
10631.2625250501 1.9031465538861718e-06
10647.294589178357 1.835088210279382e-06
10663.326653306613 1.674841484899717e-06
10679.35871743487 1.593520214370571e-06
10695.390781563126 1.5996891458659066e-06
10711.42284569138 1.4670346683955922e-06
10727.45490981964 1.3730257682977146e-06
10743.486973947896 1.348543958611456e-06
10759.519038076152 1.2227902415407465e-06
10775.551102204408 1.1230813327017805e-06
10791.583166332666 1.0011797753366815e-06
10807.615230460922 1.045929995156318e-06
10823.647294589176 1.113910056182882e-06
10839.679358717436 1.1507594094701597e-06
10855.711422845692 1.1997709826030632e-06
10871.743486973948 1.2028936259483281e-06
10887.775551102204 1.2840640801132837e-06
10903.807615230462 1.3212796746102859e-06
10919.839679358718 1.4093851753415833e-06
10935.871743486972 0.0
10951.903807615232 0.0
10967.935871743488 0.0
10983.967935871742 0.0
11000.0 0.0
