3000.0 0.0
3016.032064128257 0.0
3032.064128256513 0.0
3048.0961923847694 0.0
3064.1282565130264 0.0
3080.1603206412824 0.0
3096.192384769539 0.0
3112.224448897796 0.0
3128.256513026052 0.0
3144.2885771543088 0.0
3160.3206412825652 0.0
3176.3527054108217 0.0
3192.384769539078 0.0
3208.4168336673347 0.0
3224.448897795591 0.0
3240.4809619238476 0.0
3256.5130260521046 0.0
3272.5450901803606 0.0
3288.5771543086175 0.0
3304.609218436874 0.0
3320.64128256513 0.0
3336.673346693387 0.0
3352.705410821643 0.0
3368.7374749498995 0.0
3384.7695390781564 0.0
3400.8016032064133 0.0
3416.8336673346694 0.0
3432.865731462926 0.0
3448.8977955911823 0.0
3464.929859719439 0.0
3480.9619238476953 0.0
3496.993987975952 0.0
3513.0260521042082 -4.4558915116336804e-07
3529.058116232465 -5.612978314366188e-07
3545.090180360721 -2.708368497428039e-07
3561.122244488978 -3.9803672774953027e-07
3577.1543086172346 -4.106354013479532e-07
3593.1863727454906 -4.478127456236823e-07
3609.2184368737476 -9.79327169432572e-07
3625.250501002004 -3.018505393122427e-07
3641.28256513026 -4.1752197587517944e-07
3657.314629258517 -8.477021574483978e-07
3673.346693386774 -6.320335873114806e-07
3689.3787575150304 -8.556378046019634e-07
3705.4108216432865 -8.6609983650782e-07
3721.4428857715434 -2.9661304007082405e-07
3737.4749498997994 -6.108903538519246e-07
3753.507014028056 -3.9870901992878644e-07
3769.539078156313 -1.0024348859478482e-06
3785.571142284569 -5.416220421566359e-07
3801.603206412826 -1.1657795020256663e-06
3817.6352705410823 -4.2788116499490395e-08
3833.6673346693387 -2.723541511789215e-07
3849.699398797595 -6.434781656180084e-07
3865.7314629258517 1.302532746474777e-06
3881.763527054108 2.970657052890589e-05
3897.7955911823647 0.0002611650196183505
3913.8276553106216 0.0008379199528878163
3929.8597194388776 0.001433950078350004
3945.8917835671346 0.002199788185961298
3961.923847695391 0.003519892108812934
3977.955911823647 0.00562043370903418
3993.987975951904 0.008385502296865141
4010.02004008016 0.011794671467415032
4026.0521042084165 0.017363121991931716
4042.0841683366734 0.02708585915922305
4058.1162324649304 0.0435382531052093
4074.1482965931864 0.06706143056860846
4090.180360721443 0.09698636742762438
4106.212424849699 0.1425268391678815
4122.244488977956 0.21706387326083756
4138.276553106212 0.3283544258985278
4154.308617234469 0.44210687680626715
4170.340681362725 0.5185246534547243
4186.372745490982 0.5562030213031665
4202.404809619238 0.5909587554538764
4218.436873747495 0.6318180514914489
4234.468937875752 0.6701147023824031
4250.501002004008 0.6984834176783512
4266.533066132264 0.7115949004843
4282.565130260521 0.719585966265642
4298.597194388777 0.7232990807061181
4314.629258517034 0.7228671306176264
4330.661322645291 0.7213717660271504
4346.693386773548 0.7234889185367358
4362.725450901804 0.7321948445254105
4378.75751503006 0.7455778489670672
4394.789579158316 0.7573285326239524
4410.821643286573 0.7633497621180475
4426.85370741483 0.7635425602347259
4442.885771543087 0.7632676980957276
4458.917835671343 0.7663481358284658
4474.949899799599 0.7730961667385478
4490.981963927856 0.7802767199434472
4507.014028056112 0.7834038727851849
4523.046092184369 0.7811739082616409
4539.078156312626 0.7787682872045741
4555.110220440882 0.7788541263238599
4571.142284569138 0.7812761932810386
4587.174348697395 0.784861950506269
4603.206412825652 0.7876147490999537
4619.238476953908 0.7891036125784646
4635.2705410821645 0.7901081301569358
4651.302605210421 0.7911935381581642
4667.3346693386775 0.7919879835069518
4683.3667334669335 0.791348438925131
4699.39879759519 0.7889705443407432
4715.430861723447 0.7864080703990544
4731.462925851703 0.7859063066710994
4747.49498997996 0.7888701731713474
4763.527054108216 0.7943727666351833
4779.559118236473 0.8005257127046127
4795.591182364729 0.8032573803235079
4811.623246492986 0.8013521774314322
4827.655310621243 0.795513652217711
4843.687374749499 0.7895713630136421
4859.719438877755 0.7865816381923793
4875.751503006012 0.7889049094984528
4891.783567134269 0.7945646660761717
4907.815631262525 0.8000241844369632
4923.847695390781 0.8014556450739744
4939.879759519038 0.7978836741684612
4955.911823647294 0.7908432251650301
4971.943887775551 0.7845815102496829
4987.975951903808 0.7821828028125952
5004.008016032065 0.7852901785055305
5020.040080160321 0.7912075768781182
5036.072144288577 0.7975347435327984
5052.104208416833 0.8008191407038586
5068.13627254509 0.7984597240497571
5084.168336673347 0.7909785611244299
5100.200400801604 0.7813794694045934
5116.23246492986 0.7741610884790356
5132.264529058116 0.7715974286086901
5148.296593186373 0.7738126748986365
5164.328657314629 0.77844083434455
5180.360721442886 0.7821780999584343
5196.392785571143 0.781354287271305
5212.424849699399 0.7748422288446384
5228.4569138276565 0.7632756352860065
5244.488977955912 0.7501219721911289
5260.521042084169 0.7384709618670043
5276.553106212425 0.7316207516408397
5292.5851703406815 0.731113962547198
5308.6172344689385 0.73646972734692
5324.6492985971945 0.7449828910023929
5340.6813627254505 0.7528121631136901
5356.7134268537075 0.7566498235220234
5372.745490981964 0.7543495238106863
5388.77755511022 0.7464191332715081
5404.809619238476 0.7353005190187664
5420.841683366733 0.7234967643070497
5436.87374749499 0.7137922927016244
5452.905811623246 0.7078052072943762
5468.937875751503 0.7059285428568577
5484.96993987976 0.7072370106217521
5501.002004008016 0.7098474763610773
5517.034068136272 0.7119835766370045
5533.066132264529 0.7119809272203856
5549.098196392786 0.7091425488946145
5565.130260521042 0.7036587376238478
5581.162324649299 0.6969600934298537
5597.194388777554 0.6902020318087496
5613.226452905812 0.6847166182609031
5629.258517034068 0.6808556201036053
5645.290581162325 0.6790019519428223
5661.322645290582 0.6782689323365586
5677.354709418837 0.6779486169702396
5693.386773547095 0.67695779069249
5709.41883767535 0.674670269451256
5725.450901803607 0.6706051429534009
5741.482965931864 0.6651438044477415
5757.515030060121 0.6586384329339777
5773.547094188378 0.6520515532021484
5789.579158316633 0.6459809092124025
5805.611222444891 0.6410431961899888
5821.643286573146 0.6372437722370622
5837.675350701403 0.6344973489458692
5853.70741482966 0.6323387007126159
5869.739478957916 0.6303397603764497
5885.771543086174 0.6278341941593014
5901.803607214429 0.624734965517936
5917.835671342686 0.6208117407979364
5933.867735470942 0.6161187531312715
5949.899799599198 0.6110336462246677
5965.9318637274555 0.6061842897819933
5981.9639278557115 0.6015596599397838
5997.9959919839675 0.5973383989479072
6014.0280561122245 0.5936129165836862
6030.060120240481 0.5903574532334764
6046.092184368737 0.5872809897161615
6062.1242484969935 0.5842560239872369
6078.156312625251 0.5810039811896829
6094.188376753507 0.5774377610566612
6110.220440881763 0.5735857486899542
6126.25250501002 0.5694546318430221
6142.284569138275 0.565696643306472
6158.316633266533 0.5620441874490978
6174.348697394789 0.5586524752450185
6190.380761523046 0.5557665714371843
6206.412825651303 0.553390554641156
6222.444889779559 0.5514879243523613
6238.476953907816 0.5498830897589907
6254.509018036071 0.5469754523184128
6270.541082164329 0.5436753405969568
6286.573146292585 0.5400383004973109
6302.605210420842 0.5359187742524572
6318.637274549099 0.5313321370048854
6334.669338677354 0.526281176776418
6350.701402805612 0.5209609126919781
6366.733466933867 0.5157847545030478
6382.765531062124 0.5108143349635087
6398.797595190381 0.5061933195496808
6414.829659318638 0.5020783575601151
6430.861723446895 0.4981485963052821
6446.89378757515 0.49446263028902765
6462.925851703408 0.4909505334727904
6478.957915831663 0.4872626488105656
6494.98997995992 0.4838287760783763
6511.022044088177 0.48094653756266387
6527.054108216433 0.47756981176303276
6543.086172344691 0.4737739645262541
6559.118236472946 0.4696934021658163
6575.150300601203 0.4655972159522425
6591.182364729459 0.46166954734490273
6607.214428857716 0.45819345508660864
6623.2464929859725 0.45500587810872734
6639.2785571142285 0.45230145072996825
6655.310621242486 0.4498885350313419
6671.3426853707415 0.4475392030156175
6687.374749498998 0.44485761242283317
6703.406813627254 0.4414045416356323
6719.4388777555105 0.4372100107987914
6735.470941883768 0.43253710422581204
6751.503006012024 0.42684518182527204
6767.53507014028 0.4202508503630015
6783.567134268537 0.4118622809568354
6799.599198396792 0.4042242086845957
6815.63126252505 0.39815305315654986
6831.663326653306 0.3941311389440449
6847.695390781563 0.39238995002139915
6863.72745490982 0.3928720425065268
6879.759519038076 0.3940700368625502
6895.791583166333 0.39311728878821567
6911.823647294588 0.38649313257959006
6927.855711422846 0.36927889216426735
6943.887775551102 0.3375544911575679
6959.919839679359 0.2925137621300509
6975.951903807616 0.23928755982364497
6991.983967935871 0.18632940982109134
7008.016032064129 0.14017731155706423
7024.048096192384 0.1037118302401502
7040.080160320641 0.07523417116211521
7056.112224448898 0.05521559670587323
7072.144288577155 0.04027017056194351
7088.176352705412 0.02960236801129475
7104.208416833667 0.02184810100406853
7120.240480961925 0.01614450055860775
7136.27254509018 0.012150681411345756
7152.304609218437 0.009050799086335824
7168.336673346694 0.006778087809463671
7184.36873747495 0.005088977850314637
7200.400801603208 0.0038247562782895792
7216.432865731463 0.002903251817120101
7232.46492985972 0.002204863118660224
7248.496993987976 0.0016830808104108883
7264.529058116233 0.00129536236745738
7280.5611222444895 0.0010032400689332234
7296.593186372746 0.0007845898955007881
7312.625250501003 0.0006164951886236291
7328.6573146292585 0.0004862909765018604
7344.689378757515 0.00039075921626510464
7360.7214428857715 0.00031319308133366595
7376.7535070140275 0.0002539500677971808
7392.785571142285 0.00020713131942172612
7408.817635270541 0.00016911272355429486
7424.849699398797 0.00013984456259076724
7440.881763527054 0.000115681511373759
7456.913827655311 9.717924237563706e-05
7472.945891783567 8.206550339044797e-05
7488.977955911823 6.940749494004726e-05
7505.010020040081 5.905065315252253e-05
7521.042084168337 5.0134209612430194e-05
7537.074148296593 4.3632478149317305e-05
7553.10621242485 3.754613932029761e-05
7569.138276553105 3.253600498103917e-05
7585.170340681363 2.9019958963662765e-05
7601.202404809619 2.6083389993947913e-05
7617.234468937876 2.2953409526602346e-05
7633.266533066133 2.049973172272366e-05
7649.298597194388 1.8213451093312494e-05
7665.330661322646 1.6301981240343012e-05
7681.362725450901 1.4612733216651135e-05
7697.394789579158 1.3232226384522627e-05
7713.426853707415 1.2150008536829725e-05
7729.458917835672 1.093174504901417e-05
7745.490981963929 1.0347002378016537e-05
7761.523046092184 9.289325978140482e-06
7777.555110220442 8.281040417230576e-06
7793.587174348697 8.562495107335269e-06
7809.619238476954 7.860001557625037e-06
7825.651302605211 7.773393056050521e-06
7841.683366733467 7.107341642143871e-06
7857.715430861725 6.584481466941546e-06
7873.74749498998 6.280233473281613e-06
7889.779559118237 5.607949201136471e-06
7905.811623246493 5.598368755640868e-06
7921.84368737475 5.878973616857263e-06
7937.8757515030065 5.1296350399943054e-06
7953.907815631263 4.910941632908002e-06
7969.93987975952 4.102073668186093e-06
7985.9719438877755 4.503553181929705e-06
8002.0040080160325 0.00010436448987096762
8018.0360721442885 0.00010678722624428808
8034.0681362725445 0.00010325724630382779
8050.100200400802 0.00010412822691087953
8066.132264529058 9.988617810407736e-05
8082.164328657314 9.723880214540782e-05
8098.196392785571 0.00010002635144286309
8114.228456913828 9.619790405425325e-05
8130.260521042084 9.713626244012137e-05
8146.29258517034 9.520172623970517e-05
8162.324649298597 9.439915746553488e-05
8178.356713426854 9.185183670463388e-05
8194.38877755511 9.078569321127986e-05
8210.420841683368 9.161743290375535e-05
8226.452905811624 8.916429828753705e-05
8242.48496993988 8.951460328542136e-05
8258.517034068136 8.690988394036926e-05
8274.549098196392 8.652465598886536e-05
8290.58116232465 8.439762664462912e-05
8306.613226452906 8.840554455678919e-05
8322.645290581164 8.397449991653729e-05
8338.677354709418 8.559367694955691e-05
8354.709418837676 8.309887666521236e-05
8370.741482965932 8.252043708814154e-05
8386.773547094188 8.211373840111364e-05
8402.805611222446 8.077533207132466e-05
8418.837675350702 8.386689294569975e-05
8434.869739478958 7.94779007805875e-05
8450.901803607214 8.182361461868209e-05
8466.933867735472 8.052297533490226e-05
8482.965931863728 8.034805542482968e-05
8498.997995991984 8.118774352149281e-05
8515.030060120242 7.960870595129109e-05
8531.062124248496 8.082224055307034e-05
8547.094188376754 7.702299757587264e-05
8563.12625250501 7.84740378931613e-05
8579.158316633268 7.747867134082457e-05
8595.190380761524 7.538407868434983e-05
8611.22244488978 7.281640372820315e-05
8627.254509018036 7.661603984618532e-05
8643.286573146292 7.34350469504866e-05
8659.31863727455 7.328722999880233e-05
8675.350701402805 7.438302663462717e-05
8691.382765531063 7.404361751677468e-05
8707.41482965932 7.261807550484867e-05
8723.446893787575 7.001087348982637e-05
8739.478957915831 7.465230179777812e-05
8755.511022044087 7.217989666808421e-05
8771.543086172345 7.235437859306638e-05
8787.575150300601 7.519165611953291e-05
8803.607214428857 7.156061271375208e-05
8819.639278557113 7.177825166486041e-05
8835.671342685371 7.193250759897162e-05
8851.703406813627 6.815123714790416e-05
8867.735470941883 6.476494585505978e-05
8883.767535070141 6.331088429112058e-05
8899.799599198397 5.9529178599534764e-05
8915.831663326653 5.886229775529794e-05
8931.86372745491 5.621637409487557e-05
8947.895791583167 5.507322832736274e-05
8963.927855711423 5.192357150627627e-05
8979.959919839679 4.960394463741805e-05
8995.991983967935 4.8861701172291566e-05
9012.024048096193 4.903067927949062e-05
9028.056112224449 4.6789469053423044e-05
9044.088176352705 4.713224517111119e-05
9060.120240480963 4.33637419853785e-05
9076.152304609219 4.2818328745896075e-05
9092.184368737475 4.2421292890353856e-05
9108.21643286573 4.224758786757021e-05
9124.248496993989 3.986920625413838e-05
9140.280561122245 3.8792984814155935e-05
9156.3126252505 3.8128674935525666e-05
9172.344689378759 3.7396785122366526e-05
9188.376753507015 3.670472045092313e-05
9204.40881763527 3.461598218166222e-05
9220.440881763527 3.4939204943685936e-05
9236.472945891785 3.266681660999559e-05
9252.50501002004 3.404222372500058e-05
9268.537074148297 3.275905719548224e-05
9284.569138276553 3.262776761876294e-05
9300.60120240481 3.092805213707995e-05
9316.633266533066 3.089021753151948e-05
9332.665330661323 3.143528610970032e-05
9348.69739478958 3.089054393254079e-05
9364.729458917836 3.089773565854476e-05
9380.761523046092 3.0184095597295668e-05
9396.793587174348 3.177577009548131e-05
9412.825651302606 2.9864944789653234e-05
9428.857715430862 3.057640820542747e-05
9444.889779559118 3.004250029492949e-05
9460.921843687376 2.8883585260642502e-05
9476.95390781563 2.981124354079977e-05
9492.985971943888 2.851320550560787e-05
9509.018036072144 2.9653508700902168e-05
9525.050100200402 2.8462998232403736e-05
9541.082164328658 2.9021685848342947e-05
9557.114228456914 2.7563412273156288e-05
9573.14629258517 2.638474618518477e-05
9589.178356713426 2.523728639799874e-05
9605.210420841684 2.4680577341500007e-05
9621.24248496994 2.3900947899280354e-05
9637.274549098198 2.3139560432717303e-05
9653.306613226452 2.349360932351974e-05
9669.33867735471 2.221792308304311e-05
9685.370741482966 2.0695067464675296e-05
9701.402805611222 2.012031833168591e-05
9717.43486973948 2.0022844619654757e-05
9733.466933867736 1.916360822273841e-05
9749.498997995992 1.9076899294877432e-05
9765.531062124248 1.7670798711729217e-05
9781.563126252506 1.7341328139454328e-05
9797.595190380762 1.6492475508627913e-05
9813.627254509018 1.5703031202262083e-05
9829.659318637276 1.6084617818343733e-05
9845.69138276553 1.5237992894905505e-05
9861.723446893788 1.4074155622209387e-05
9877.755511022044 1.4446686477929238e-05
9893.787575150302 1.3670238794282324e-05
9909.819639278558 1.2821258134429848e-05
9925.851703406814 1.3445316031383294e-05
9941.88376753507 1.2655004094895553e-05
9957.915831663326 1.2065623567833549e-05
9973.947895791584 1.1586459251901623e-05
9989.97995991984 1.1802394258079244e-05
10006.012024048097 1.1510815554270447e-05
10022.044088176353 1.1633684908395427e-05
10038.07615230461 1.1359084125563323e-05
10054.108216432865 1.1337118295975517e-05
10070.140280561121 1.0895782375863661e-05
10086.17234468938 1.045743653098193e-05
10102.204408817635 1.0623385812808077e-05
10118.236472945893 1.0337551821288651e-05
10134.268537074147 1.0182090177364043e-05
10150.300601202405 9.998972486369026e-06
10166.332665330661 9.979891784404528e-06
10182.364729458917 9.573199951329351e-06
10198.396793587175 9.553167514467282e-06
10214.428857715431 9.685684150528182e-06
10230.460921843687 9.013515819611554e-06
10246.492985971945 9.027811882566947e-06
10262.525050100201 8.660339053560579e-06
10278.557114228457 8.622213565580435e-06
10294.589178356713 8.020072649391888e-06
10310.621242484973 7.488030362660452e-06
10326.653306613225 7.390584906508124e-06
10342.685370741483 7.009541785262186e-06
10358.71743486974 6.560579402473455e-06
10374.749498997997 6.102388301709788e-06
10390.781563126253 5.759500096922109e-06
10406.813627254509 5.257888233430017e-06
10422.845691382765 5.0090138654130425e-06
10438.877755511021 4.613146931152986e-06
10454.909819639279 4.210233472533102e-06
10470.941883767537 3.924395358760624e-06
10486.973947895793 3.521703175510424e-06
10503.006012024049 3.127465609152824e-06
10519.038076152305 2.7130183368140204e-06
10535.07014028056 2.573225419496998e-06
10551.102204408817 2.43402521419823e-06
10567.134268537075 2.3790734854870885e-06
10583.166332665332 2.1450407453122114e-06
10599.198396793585 1.946557474009295e-06
10615.230460921844 1.974432052577461e-06
10631.2625250501 1.7808675902390485e-06
10647.294589178357 1.69454117693475e-06
10663.326653306613 1.6340890473045254e-06
10679.35871743487 1.597821289849759e-06
10695.390781563126 1.467858789072532e-06
10711.42284569138 1.423442179560736e-06
10727.45490981964 1.3412953995660964e-06
10743.486973947896 1.3070589156541573e-06
10759.519038076152 1.2619823750341431e-06
10775.551102204408 1.156688704127873e-06
10791.583166332666 1.0343934077094779e-06
10807.615230460922 1.0273133400194898e-06
10823.647294589176 1.071130548477999e-06
10839.679358717436 1.1519183538528848e-06
10855.711422845692 1.1762640532452726e-06
10871.743486973948 1.2028547425944154e-06
10887.775551102204 1.2914846699606072e-06
10903.807615230462 1.3393803230141661e-06
10919.839679358718 1.4234293546401021e-06
10935.871743486972 0.0
10951.903807615232 0.0
10967.935871743488 0.0
10983.967935871742 0.0
11000.0 0.0
