3000.0 0.0
3016.032064128257 0.0
3032.064128256513 0.0
3048.0961923847694 0.0
3064.1282565130264 0.0
3080.1603206412824 0.0
3096.192384769539 0.0
3112.224448897796 0.0
3128.256513026052 0.0
3144.2885771543088 0.0
3160.3206412825652 0.0
3176.3527054108217 0.0
3192.384769539078 0.0
3208.4168336673347 0.0
3224.448897795591 0.0
3240.4809619238476 0.0
3256.5130260521046 0.0
3272.5450901803606 0.0
3288.5771543086175 0.0
3304.609218436874 0.0
3320.64128256513 0.0
3336.673346693387 0.0
3352.705410821643 0.0
3368.7374749498995 0.0
3384.7695390781564 0.0
3400.8016032064133 0.0
3416.8336673346694 0.0
3432.865731462926 0.0
3448.8977955911823 0.0
3464.929859719439 0.0
3480.9619238476953 0.0
3496.993987975952 0.11099104977084373
3513.0260521042082 0.11876941946575867
3529.058116232465 0.12413687484001519
3545.090180360721 0.13168984169573691
3561.122244488978 0.13887431606619202
3577.1543086172346 0.14348908242386596
3593.1863727454906 0.15066192525442812
3609.2184368737476 0.1531385366005668
3625.250501002004 0.15602642443941386
3641.28256513026 0.15624515873740197
3657.314629258517 0.15438670433671042
3673.346693386774 0.15346893038590187
3689.3787575150304 0.14826493846567032
3705.4108216432865 0.14309272717788046
3721.4428857715434 0.13353799175790207
3737.4749498997994 0.12026188436729213
3753.507014028056 0.10902279688463139
3769.539078156313 0.09363707918594678
3785.571142284569 0.0753260981860979
3801.603206412826 0.0596422009670505
3817.6352705410823 0.04498507474067531
3833.6673346693387 0.031089104553126704
3849.699398797595 0.019687715543237044
3865.7314629258517 0.011357685830158205
3881.763527054108 0.005981502198986393
3897.7955911823647 0.002816878210871956
3913.8276553106216 0.0011372927221910574
3929.8597194388776 0.00039801805521530757
3945.8917835671346 0.00012522871852845653
3961.923847695391 3.733970519353884e-05
3977.955911823647 1.5378887115565642e-05
3993.987975951904 1.1362451384562095e-05
4010.02004008016 7.755349908934084e-06
4026.0521042084165 1.0392514704997613e-05
4042.0841683366734 1.1171899123146789e-05
4058.1162324649304 9.759263466300444e-06
4074.1482965931864 1.1013146133195962e-05
4090.180360721443 1.1478044954278546e-05
4106.212424849699 1.214319696174671e-05
4122.244488977956 1.0151963154302084e-05
4138.276553106212 1.0471601907063506e-05
4154.308617234469 1.2116953995271752e-05
4170.340681362725 1.0805463556073571e-05
4186.372745490982 8.60513939311822e-06
4202.404809619238 9.628718626248032e-06
4218.436873747495 9.852058401554231e-06
4234.468937875752 1.1021047492015403e-05
4250.501002004008 1.1589935437863736e-05
4266.533066132264 1.1762917109935478e-05
4282.565130260521 1.1215252067906345e-05
4298.597194388777 9.42088372754837e-06
4314.629258517034 1.3698799281704607e-05
4330.661322645291 1.410370541504632e-05
4346.693386773548 1.430776587367028e-05
4362.725450901804 1.3271186418063476e-05
4378.75751503006 1.3544908257143353e-05
4394.789579158316 1.3077903601523206e-05
4410.821643286573 1.1793098995759094e-05
4426.85370741483 1.191101410401978e-05
4442.885771543087 1.2595997335443978e-05
4458.917835671343 1.2630888213199762e-05
4474.949899799599 1.1559611959956668e-05
4490.981963927856 1.3275504616938749e-05
4507.014028056112 1.2836181610372161e-05
4523.046092184369 1.1967480140355188e-05
4539.078156312626 1.4693375716194931e-05
4555.110220440882 1.5051478801037767e-05
4571.142284569138 1.3547123751790117e-05
4587.174348697395 1.3647279814632604e-05
4603.206412825652 1.6025978550191157e-05
4619.238476953908 1.4765804212249786e-05
4635.2705410821645 1.3827268530248442e-05
4651.302605210421 1.4387828401296427e-05
4667.3346693386775 1.2031688209199529e-05
4683.3667334669335 1.2338351709293955e-05
4699.39879759519 1.1457186105233892e-05
4715.430861723447 1.1724888369042291e-05
4731.462925851703 1.1372225263139146e-05
4747.49498997996 1.4436861604158509e-05
4763.527054108216 1.3396192058858458e-05
4779.559118236473 1.3886369128233746e-05
4795.591182364729 1.3809815733834242e-05
4811.623246492986 1.4032813269416438e-05
4827.655310621243 1.5257786752754534e-05
4843.687374749499 1.5584815885791526e-05
4859.719438877755 1.4559479066830069e-05
4875.751503006012 1.3334127031998932e-05
4891.783567134269 1.32417484345165e-05
4907.815631262525 1.4408626652589274e-05
4923.847695390781 1.259742595119131e-05
4939.879759519038 1.2382543301427147e-05
4955.911823647294 1.1930100707769776e-05
4971.943887775551 1.1524651612465302e-05
4987.975951903808 9.915386896170126e-06
5004.008016032065 1.117173089114097e-05
5020.040080160321 1.2339587462343194e-05
5036.072144288577 1.193328023296439e-05
5052.104208416833 1.238153195186776e-05
5068.13627254509 1.0902106376489118e-05
5084.168336673347 9.827640815805551e-06
5100.200400801604 1.2425971463273108e-05
5116.23246492986 1.4299287661433974e-05
5132.264529058116 1.3225752039800323e-05
5148.296593186373 1.3888756596054459e-05
5164.328657314629 1.2710210657255547e-05
5180.360721442886 1.181186820408479e-05
5196.392785571143 1.2849748613983058e-05
5212.424849699399 1.3115578239624142e-05
5228.4569138276565 1.2450631200056082e-05
5244.488977955912 1.1782338145133498e-05
5260.521042084169 1.3319882572891815e-05
5276.553106212425 1.0526398402927552e-05
5292.5851703406815 1.1754542200926826e-05
5308.6172344689385 1.1991976270865794e-05
5324.6492985971945 1.0571730809988234e-05
5340.6813627254505 1.157105438316402e-05
5356.7134268537075 1.1248233826804263e-05
5372.745490981964 1.2779445621451127e-05
5388.77755511022 1.2487641434465077e-05
5404.809619238476 1.3107037479212654e-05
5420.841683366733 1.1803820384638048e-05
5436.87374749499 1.1771677680503585e-05
5452.905811623246 1.17829831985984e-05
5468.937875751503 1.1932397137647289e-05
5484.96993987976 9.845082951749642e-06
5501.002004008016 1.0527500925435152e-05
5517.034068136272 9.35556361550388e-06
5533.066132264529 9.604537201355275e-06
5549.098196392786 1.0825862706390799e-05
5565.130260521042 1.2324658724471036e-05
5581.162324649299 1.1552565342805868e-05
5597.194388777554 1.1413005614930224e-05
5613.226452905812 1.2916546943991262e-05
5629.258517034068 1.2189843941553272e-05
5645.290581162325 1.0330164117140926e-05
5661.322645290582 1.1258681393619537e-05
5677.354709418837 1.1527277883911609e-05
5693.386773547095 5.115405469049518e-06
5709.41883767535 1.1542137453830694e-05
5725.450901803607 9.426226636688951e-06
5741.482965931864 9.458417523082504e-06
5757.515030060121 1.0871158617984087e-05
5773.547094188378 1.0803418043907535e-05
5789.579158316633 1.0909670421907575e-05
5805.611222444891 1.163490993219151e-05
5821.643286573146 9.849401480690852e-06
5837.675350701403 9.92247569185628e-06
5853.70741482966 1.0794702725753856e-05
5869.739478957916 9.958086463537265e-06
5885.771543086174 9.906699187348367e-06
5901.803607214429 9.191435062888256e-06
5917.835671342686 9.173601510956333e-06
5933.867735470942 8.492975618948718e-06
5949.899799599198 8.887154112234426e-06
5965.9318637274555 8.07229192888611e-06
5981.9639278557115 7.44702868333408e-06
5997.9959919839675 7.75898480668797e-06
6014.0280561122245 8.703266586455256e-06
6030.060120240481 9.747253220398526e-06
6046.092184368737 8.51913642187456e-06
6062.1242484969935 9.40461626412354e-06
6078.156312625251 8.705426384100921e-06
6094.188376753507 9.540743196172001e-06
6110.220440881763 9.376938738967637e-06
6126.25250501002 8.113128167795406e-06
6142.284569138275 8.86791035763146e-06
6158.316633266533 8.712852760714814e-06
6174.348697394789 7.442970171092711e-06
6190.380761523046 7.37492087146302e-06
6206.412825651303 8.077071658358911e-06
6222.444889779559 7.678254688041556e-06
6238.476953907816 8.127636343654608e-06
6254.509018036071 8.959302139914145e-06
6270.541082164329 8.79201749991762e-06
6286.573146292585 8.530863026155299e-06
6302.605210420842 8.950452847226998e-06
6318.637274549099 8.251780227130445e-06
6334.669338677354 8.20911153023533e-06
6350.701402805612 8.932733816415153e-06
6366.733466933867 8.699512264788769e-06
6382.765531062124 7.898975349045374e-06
6398.797595190381 7.570046119220009e-06
6414.829659318638 8.001035726166254e-06
6430.861723446895 6.843102920563674e-06
6446.89378757515 6.81699622828668e-06
6462.925851703408 7.3533949017560555e-06
6478.957915831663 6.348140425426689e-06
6494.98997995992 5.9272564456967865e-06
6511.022044088177 6.749920948803192e-06
6527.054108216433 6.698270410548587e-06
6543.086172344691 6.822261392738098e-06
6559.118236472946 7.2808526282109965e-06
6575.150300601203 6.073822322123729e-06
6591.182364729459 5.798148213113496e-06
6607.214428857716 5.6310806746672216e-06
6623.2464929859725 6.131139304100064e-06
6639.2785571142285 5.1046061498934076e-06
6655.310621242486 6.773246756288708e-06
6671.3426853707415 6.594261626468476e-06
6687.374749498998 6.707163282901053e-06
6703.406813627254 5.883204965050039e-06
6719.4388777555105 6.498564514580412e-06
6735.470941883768 4.909206756523251e-06
6751.503006012024 5.8337605069610966e-06
6767.53507014028 5.818329681768669e-06
6783.567134268537 4.8173965216540825e-06
6799.599198396792 5.0251906119375305e-06
6815.63126252505 5.112679641203395e-06
6831.663326653306 5.721309955804089e-06
6847.695390781563 5.601391666186862e-06
6863.72745490982 5.337524755872672e-06
6879.759519038076 5.084947011399975e-06
6895.791583166333 4.662989233638103e-06
6911.823647294588 5.730655370378416e-06
6927.855711422846 5.687763399337049e-06
6943.887775551102 5.689552007645131e-06
6959.919839679359 4.9292053860621926e-06
6975.951903807616 5.287630833895512e-06
6991.983967935871 4.654292485901731e-06
7008.016032064129 4.679250703458859e-06
7024.048096192384 4.730777797152482e-06
7040.080160320641 3.2734470335261812e-06
7056.112224448898 4.137268116602337e-06
7072.144288577155 4.707635125603977e-06
7088.176352705412 4.4246381909531245e-06
7104.208416833667 4.640166209890715e-06
7120.240480961925 5.134004354200814e-06
7136.27254509018 5.150536643020216e-06
7152.304609218437 4.879481835358091e-06
7168.336673346694 4.165887438885204e-06
7184.36873747495 4.035333147842017e-06
7200.400801603208 3.531861592344083e-06
7216.432865731463 3.867099799761653e-06
7232.46492985972 4.768814191230915e-06
7248.496993987976 3.3497028116083166e-06
7264.529058116233 2.9493461856050932e-06
7280.5611222444895 3.788807098047129e-06
7296.593186372746 3.090398794863636e-06
7312.625250501003 3.5541752308500873e-06
7328.6573146292585 3.5130795020951903e-06
7344.689378757515 3.852615772652252e-06
7360.7214428857715 3.0402712311226867e-06
7376.7535070140275 4.116714031759414e-06
7392.785571142285 4.006630963941299e-06
7408.817635270541 4.172753199887873e-06
7424.849699398797 4.556680734211235e-06
7440.881763527054 3.6318723006608125e-06
7456.913827655311 3.396741690808445e-06
7472.945891783567 2.9111068504014026e-06
7488.977955911823 3.4400024443760416e-06
7505.010020040081 3.502403148249519e-06
7521.042084168337 2.892354333398419e-06
7537.074148296593 3.5918631449093987e-06
7553.10621242485 3.5487232266168845e-06
7569.138276553105 3.764193801682016e-06
7585.170340681363 3.966826447212852e-06
7601.202404809619 3.1874396773779296e-06
7617.234468937876 3.2510938170775814e-06
7633.266533066133 3.3732916166787945e-06
7649.298597194388 2.7155936316446846e-06
7665.330661322646 3.406735011516194e-06
7681.362725450901 3.2692242549771267e-06
7697.394789579158 2.6288143313840788e-06
7713.426853707415 3.080958789417662e-06
7729.458917835672 2.5332485949271136e-06
7745.490981963929 2.5904580816830176e-06
7761.523046092184 3.4018606354451463e-06
7777.555110220442 2.9543705926805093e-06
7793.587174348697 2.8892886065169493e-06
7809.619238476954 3.2147468660750944e-06
7825.651302605211 2.97015329543974e-06
7841.683366733467 2.7370102903654135e-06
7857.715430861725 2.6767629360352223e-06
7873.74749498998 2.9523559842201365e-06
7889.779559118237 2.602774473269346e-06
7905.811623246493 2.133827551126416e-06
7921.84368737475 2.8899312091985717e-06
7937.8757515030065 2.6647981252545484e-06
7953.907815631263 2.5542664214274246e-06
7969.93987975952 3.0433250092099394e-06
7985.9719438877755 1.9819076130140353e-06
8002.0040080160325 8.283128106888867e-06
8018.0360721442885 1.0131315629117225e-05
8034.0681362725445 9.441726497620937e-06
8050.100200400802 9.66947271030009e-06
8066.132264529058 9.403620781109293e-06
8082.164328657314 7.372971694100341e-06
8098.196392785571 4.293858797777221e-06
8114.228456913828 5.558919081704936e-06
8130.260521042084 1.2354776868475591e-05
8146.29258517034 7.4302821343012824e-06
8162.324649298597 9.541269792805107e-06
8178.356713426854 1.0263266314448736e-05
8194.38877755511 8.728295164281243e-06
8210.420841683368 1.0975571840756643e-05
8226.452905811624 8.122460471218255e-06
8242.48496993988 7.182447432248348e-06
8258.517034068136 6.135980574394581e-06
8274.549098196392 9.598041173415204e-06
8290.58116232465 7.2873408660557935e-06
8306.613226452906 1.0126104242612463e-05
8322.645290581164 6.486933334448367e-06
8338.677354709418 8.316965068876616e-06
8354.709418837676 7.309461150565822e-06
8370.741482965932 7.004200840677331e-06
8386.773547094188 8.725355298115641e-06
8402.805611222446 5.199998962294338e-06
8418.837675350702 9.299222089395396e-06
8434.869739478958 8.402634478362866e-06
8450.901803607214 8.371334141938365e-06
8466.933867735472 7.209329653578261e-06
8482.965931863728 9.111433189325102e-06
8498.997995991984 5.482262568922498e-06
8515.030060120242 8.463262854228604e-06
8531.062124248496 5.732566254839993e-06
8547.094188376754 5.645001853852805e-06
8563.12625250501 6.913762477554426e-06
8579.158316633268 6.037618528662908e-06
8595.190380761524 1.0413369192898924e-05
8611.22244488978 7.287997180878457e-06
8627.254509018036 6.3796261016322605e-06
8643.286573146292 5.083056968014643e-06
8659.31863727455 8.149387322809248e-06
8675.350701402805 6.454162486886084e-06
8691.382765531063 4.641478751911167e-06
8707.41482965932 5.560819537849269e-06
8723.446893787575 5.794108975099798e-06
8739.478957915831 6.208887404916663e-06
8755.511022044087 7.069962627818398e-06
8771.543086172345 5.494205546205609e-06
8787.575150300601 5.632157800028241e-06
8803.607214428857 4.727618813693398e-06
8819.639278557113 7.234536247973324e-06
8835.671342685371 6.517408118511247e-06
8851.703406813627 3.597154297658119e-06
8867.735470941883 6.744299818559222e-06
8883.767535070141 5.363423816978509e-06
8899.799599198397 6.516448040717031e-06
8915.831663326653 7.634477126576209e-06
8931.86372745491 7.953140448320368e-06
8947.895791583167 6.392649923004346e-06
8963.927855711423 6.097200158294343e-06
8979.959919839679 5.749705287992669e-06
8995.991983967935 4.893321253136857e-06
9012.024048096193 4.793548608288226e-06
9028.056112224449 4.538731442111094e-06
9044.088176352705 5.545930491384296e-06
9060.120240480963 5.0915898459952984e-06
9076.152304609219 5.254093357401875e-06
9092.184368737475 4.035354448117397e-06
9108.21643286573 2.379504429642963e-06
9124.248496993989 4.329988831520486e-06
9140.280561122245 4.205426201437899e-06
9156.3126252505 4.662878873590523e-06
9172.344689378759 3.465441747649958e-06
9188.376753507015 3.962257919652516e-06
9204.40881763527 4.318001215254995e-06
9220.440881763527 3.1755755344343493e-06
9236.472945891785 2.658688943983656e-06
9252.50501002004 4.332411204846511e-06
9268.537074148297 2.382939604298236e-06
9284.569138276553 1.8052908079359957e-06
9300.60120240481 2.399482906333611e-06
9316.633266533066 2.736831540826899e-06
9332.665330661323 3.1635798413256407e-06
9348.69739478958 3.40581105355033e-06
9364.729458917836 2.461971961826758e-06
9380.761523046092 2.2743085726750075e-06
9396.793587174348 3.3096429794010318e-06
9412.825651302606 3.2032855993897934e-06
9428.857715430862 2.145846355139621e-06
9444.889779559118 3.5707234745860415e-06
9460.921843687376 2.570381180413527e-06
9476.95390781563 1.6068769431660552e-06
9492.985971943888 2.1608235139024016e-06
9509.018036072144 2.0819171791909607e-06
9525.050100200402 2.385516580325755e-06
9541.082164328658 1.3413025466384633e-06
9557.114228456914 1.5473579627162021e-06
9573.14629258517 3.008464312400547e-06
9589.178356713426 3.0003046974721843e-06
9605.210420841684 2.525913442362485e-06
9621.24248496994 2.255343308720835e-06
9637.274549098198 2.290327807235464e-06
9653.306613226452 2.92544600242548e-06
9669.33867735471 1.974833217292645e-06
9685.370741482966 1.9035462767370517e-06
9701.402805611222 2.7315939647811058e-06
9717.43486973948 1.839712518691376e-06
9733.466933867736 2.0808273851173697e-06
9749.498997995992 2.198388763176836e-06
9765.531062124248 1.8648656066264555e-06
9781.563126252506 1.7892747103743243e-06
9797.595190380762 2.289486521310208e-06
9813.627254509018 1.686438888110432e-06
9829.659318637276 1.1447872881814566e-06
9845.69138276553 1.7120517302870738e-06
9861.723446893788 1.5933022506374247e-06
9877.755511022044 1.3709678952267029e-06
9893.787575150302 1.2090829873453531e-06
9909.819639278558 1.446290138655062e-06
9925.851703406814 8.535775602385871e-07
9941.88376753507 1.2411410444582352e-06
9957.915831663326 1.2969686583043979e-06
9973.947895791584 9.387678848894726e-07
9989.97995991984 1.6019086512713813e-06
10006.012024048097 1.6229737354011219e-06
10022.044088176353 1.0733637362891156e-06
10038.07615230461 1.15917600140886e-06
10054.108216432865 1.0461896740983408e-06
10070.140280561121 1.5818338519025074e-06
10086.17234468938 1.4592232629332366e-06
10102.204408817635 8.916868216461356e-07
10118.236472945893 9.346192826988123e-07
10134.268537074147 1.1992424868792408e-06
10150.300601202405 9.485636797265108e-07
10166.332665330661 1.528955974068906e-06
10182.364729458917 1.9379754199038157e-06
10198.396793587175 1.6361272510961085e-06
10214.428857715431 1.1208078210760248e-06
10230.460921843687 1.541054847913472e-06
10246.492985971945 1.4563201209271532e-06
10262.525050100201 1.5234194767073848e-06
10278.557114228457 1.2985360412319432e-06
10294.589178356713 1.6754978147853552e-06
10310.621242484973 1.1516856869424212e-06
10326.653306613225 1.14511563160164e-06
10342.685370741483 1.3218408712769924e-06
10358.71743486974 9.881481713858496e-07
10374.749498997997 1.0041315007992838e-06
10390.781563126253 9.89540230995121e-07
10406.813627254509 1.1271172999477112e-06
10422.845691382765 1.074415140649172e-06
10438.877755511021 1.0360132083234378e-06
10454.909819639279 9.86867964677762e-07
10470.941883767537 9.101321182231141e-07
10486.973947895793 8.165965995495541e-07
10503.006012024049 8.055483766330922e-07
10519.038076152305 6.700128395130423e-07
10535.07014028056 8.14149132385856e-07
10551.102204408817 6.661217407766373e-07
10567.134268537075 5.699234538640113e-07
10583.166332665332 5.750369481890882e-07
10599.198396793585 4.800306076129419e-07
10615.230460921844 5.382346967474536e-07
10631.2625250501 5.202151172759377e-07
10647.294589178357 4.500665756975403e-07
10663.326653306613 3.196628709164334e-07
10679.35871743487 4.016512018020363e-07
10695.390781563126 3.728022647167275e-07
10711.42284569138 3.753925842065961e-07
10727.45490981964 3.616330739332703e-07
10743.486973947896 3.9048178858666334e-07
10759.519038076152 3.504732326507081e-07
10775.551102204408 3.518680456707771e-07
10791.583166332666 3.5366195498745767e-07
10807.615230460922 3.3958730578962423e-07
10823.647294589176 3.9887300921304184e-07
10839.679358717436 4.3829763973047996e-07
10855.711422845692 4.899645057196604e-07
10871.743486973948 4.5910369178426227e-07
10887.775551102204 5.232563444311886e-07
10903.807615230462 5.324603331440001e-07
10919.839679358718 4.668100823196942e-07
10935.871743486972 0.0
10951.903807615232 0.0
10967.935871743488 0.0
10983.967935871742 0.0
11000.0 0.0
