3000.0 0.0
3016.032064128257 0.0
3032.064128256513 0.0
3048.0961923847694 0.0
3064.1282565130264 0.0
3080.1603206412824 0.0
3096.192384769539 0.0
3112.224448897796 0.0
3128.256513026052 0.0
3144.2885771543088 0.0
3160.3206412825652 0.0
3176.3527054108217 0.0
3192.384769539078 0.0
3208.4168336673347 0.0
3224.448897795591 0.0
3240.4809619238476 0.0
3256.5130260521046 0.0
3272.5450901803606 0.0
3288.5771543086175 0.0
3304.609218436874 0.0
3320.64128256513 0.0
3336.673346693387 0.0
3352.705410821643 0.0
3368.7374749498995 0.0
3384.7695390781564 0.0
3400.8016032064133 0.0
3416.8336673346694 0.0
3432.865731462926 0.0
3448.8977955911823 0.0
3464.929859719439 0.0
3480.9619238476953 0.0
3496.993987975952 0.0
3513.0260521042082 -3.0919330209303237e-07
3529.058116232465 -6.251417542556348e-07
3545.090180360721 -2.124677555891053e-08
3561.122244488978 -1.1174372523151566e-07
3577.1543086172346 -3.7406401046374656e-07
3593.1863727454906 -3.1112788748541406e-07
3609.2184368737476 -1.0397771223225402e-06
3625.250501002004 -4.985722361817627e-07
3641.28256513026 -4.1672962756051624e-07
3657.314629258517 -1.0713921076235891e-06
3673.346693386774 -2.7037282142124015e-07
3689.3787575150304 -1.3102615483456116e-07
3705.4108216432865 -5.360495045783748e-07
3721.4428857715434 2.9531433181318837e-07
3737.4749498997994 -6.113884746886344e-07
3753.507014028056 -3.627164591618358e-07
3769.539078156313 9.534238877272481e-08
3785.571142284569 -5.039802962912283e-07
3801.603206412826 -1.018197395880409e-06
3817.6352705410823 -1.0053677603960873e-06
3833.6673346693387 -3.8924416089851763e-07
3849.699398797595 -1.0518791537655765e-06
3865.7314629258517 3.697775275241402e-07
3881.763527054108 3.781369727457617e-07
3897.7955911823647 -4.7979948010691594e-08
3913.8276553106216 -7.425645192322202e-07
3929.8597194388776 -1.016648211693336e-07
3945.8917835671346 -1.1701150991322197e-08
3961.923847695391 9.348425466820425e-08
3977.955911823647 -7.316532360383504e-07
3993.987975951904 -9.387414053285355e-07
4010.02004008016 2.502934299710399e-07
4026.0521042084165 -1.0437940067593933e-06
4042.0841683366734 4.496721842917214e-07
4058.1162324649304 3.1086584670995914e-07
4074.1482965931864 -6.9246103163949e-07
4090.180360721443 7.899952318153013e-07
4106.212424849699 1.162638575298419e-06
4122.244488977956 6.719842635876827e-06
4138.276553106212 2.0581820205259236e-05
4154.308617234469 2.183549450697233e-05
4170.340681362725 3.95851521368739e-06
4186.372745490982 1.2220590456740402e-07
4202.404809619238 8.163422932571192e-07
4218.436873747495 1.9852707978752693e-06
4234.468937875752 6.806991404235807e-06
4250.501002004008 9.473624062353472e-06
4266.533066132264 2.0079077778221264e-05
4282.565130260521 1.7390655762612958e-05
4298.597194388777 4.566751451231089e-06
4314.629258517034 9.493870553200944e-07
4330.661322645291 -4.543660238393656e-07
4346.693386773548 1.346495998759578e-06
4362.725450901804 1.928998439228371e-06
4378.75751503006 2.3786069862102667e-06
4394.789579158316 1.2454699560350918e-06
4410.821643286573 1.2759868035179135e-06
4426.85370741483 3.565485520511646e-06
4442.885771543087 2.9482258111520577e-05
4458.917835671343 0.00011201779299801129
4474.949899799599 5.007343444560894e-05
4490.981963927856 3.921133064730894e-06
4507.014028056112 1.7387099870242043e-06
4523.046092184369 4.46471390010637e-07
4539.078156312626 -2.316204373812462e-06
4555.110220440882 5.62511984766499e-07
4571.142284569138 3.3436523711420045e-07
4587.174348697395 -3.924009656710748e-08
4603.206412825652 1.31882647557123e-06
4619.238476953908 1.056345496645265e-06
4635.2705410821645 4.4220506173079765e-07
4651.302605210421 1.6630096435998668e-06
4667.3346693386775 1.3295253902182136e-06
4683.3667334669335 1.1523887250960502e-06
4699.39879759519 6.289009149009132e-07
4715.430861723447 1.0682706104467117e-06
4731.462925851703 1.37551208844996e-06
4747.49498997996 3.8394656098073676e-06
4763.527054108216 7.3546536039627855e-06
4779.559118236473 1.6989687682167165e-05
4795.591182364729 2.1044445698489844e-05
4811.623246492986 1.6768037116955918e-05
4827.655310621243 1.1381467912497585e-05
4843.687374749499 8.559617297407825e-06
4859.719438877755 5.536086925559931e-06
4875.751503006012 4.9151362064977776e-06
4891.783567134269 5.2825297832621185e-06
4907.815631262525 6.772365333234235e-06
4923.847695390781 9.148401618605151e-06
4939.879759519038 1.2187877609442541e-05
4955.911823647294 1.0888562286459054e-05
4971.943887775551 9.508032511448892e-06
4987.975951903808 8.963007994340462e-06
5004.008016032065 7.0072560160221765e-06
5020.040080160321 7.985083357116459e-06
5036.072144288577 7.548573568640117e-06
5052.104208416833 7.754982277533105e-06
5068.13627254509 1.0096407064247542e-05
5084.168336673347 1.3010051637527827e-05
5100.200400801604 1.600445032957144e-05
5116.23246492986 1.999395149661751e-05
5132.264529058116 1.780393330844968e-05
5148.296593186373 1.140175384747722e-05
5164.328657314629 7.297776777354621e-06
5180.360721442886 6.718159821244136e-06
5196.392785571143 3.7763324474914513e-06
5212.424849699399 5.501342301066756e-06
5228.4569138276565 5.767585858106159e-06
5244.488977955912 6.053348619272941e-06
5260.521042084169 9.775357949336916e-06
5276.553106212425 7.888758642047115e-06
5292.5851703406815 7.45101820995078e-06
5308.6172344689385 4.773168460219171e-06
5324.6492985971945 1.7830395165986288e-06
5340.6813627254505 7.946705866161923e-07
5356.7134268537075 1.8421150838871182e-06
5372.745490981964 7.706872873780928e-07
5388.77755511022 4.522824105359735e-07
5404.809619238476 2.4451394961683353e-06
5420.841683366733 9.062204180319627e-07
5436.87374749499 8.980381530753166e-07
5452.905811623246 1.657152522738658e-06
5468.937875751503 6.588787164444955e-07
5484.96993987976 7.757289704127346e-07
5501.002004008016 -5.212205642678459e-07
5517.034068136272 2.3641091726152103e-07
5533.066132264529 1.8810445715150078e-07
5549.098196392786 6.751118255646282e-07
5565.130260521042 1.2351463303158522e-06
5581.162324649299 5.146970721654886e-07
5597.194388777554 9.4001826717883e-07
5613.226452905812 5.959954101436294e-07
5629.258517034068 2.213392610782046e-07
5645.290581162325 -1.9665314608451981e-07
5661.322645290582 -3.914324223270372e-08
5677.354709418837 -5.043997308123931e-07
5693.386773547095 7.249504475608525e-07
5709.41883767535 2.6574123497143977e-07
5725.450901803607 9.56742780664663e-07
5741.482965931864 -8.935109447079419e-07
5757.515030060121 -8.085133715296771e-07
5773.547094188378 -7.919400105703234e-07
5789.579158316633 3.0452798416107304e-07
5805.611222444891 -6.90780353754397e-07
5821.643286573146 -1.9945693708045157e-06
5837.675350701403 -3.497688722139526e-07
5853.70741482966 -5.222758345127132e-07
5869.739478957916 8.245652384727989e-07
5885.771543086174 9.824561179932915e-07
5901.803607214429 1.8488257609864919e-06
5917.835671342686 5.452283801893528e-06
5933.867735470942 8.87803004869072e-06
5949.899799599198 1.158020822140508e-05
5965.9318637274555 1.2496014637856555e-05
5981.9639278557115 1.1580770042579334e-05
5997.9959919839675 9.149111948366885e-06
6014.0280561122245 7.1047058417974055e-06
6030.060120240481 5.521124637181338e-06
6046.092184368737 5.231212045368066e-06
6062.1242484969935 4.838880127448357e-06
6078.156312625251 6.053073786933077e-06
6094.188376753507 6.510710710160569e-06
6110.220440881763 6.8558322209248686e-06
6126.25250501002 8.474557953816249e-06
6142.284569138275 1.0263116597378291e-05
6158.316633266533 1.3883409489740721e-05
6174.348697394789 1.568614814801103e-05
6190.380761523046 1.707689384963301e-05
6206.412825651303 1.6842393271222143e-05
6222.444889779559 1.553918025194555e-05
6238.476953907816 1.3059048098820852e-05
6254.509018036071 1.2453329319919246e-05
6270.541082164329 1.2427343971329723e-05
6286.573146292585 1.1632575888908897e-05
6302.605210420842 1.2953051960250958e-05
6318.637274549099 1.4168733104539362e-05
6334.669338677354 1.4664664682307308e-05
6350.701402805612 1.6309013181153783e-05
6366.733466933867 1.635940842677209e-05
6382.765531062124 1.4624507783368919e-05
6398.797595190381 1.4038858642422893e-05
6414.829659318638 1.1614705155622956e-05
6430.861723446895 8.95041962400112e-06
6446.89378757515 7.91962029477424e-06
6462.925851703408 6.70901129748663e-06
6478.957915831663 6.002748875772545e-06
6494.98997995992 6.163199653920962e-06
6511.022044088177 5.8677410758182675e-06
6527.054108216433 5.312397921428802e-06
6543.086172344691 5.494971534786964e-06
6559.118236472946 6.068167295887418e-06
6575.150300601203 6.625602158476882e-06
6591.182364729459 7.085322429281471e-06
6607.214428857716 8.629971936221726e-06
6623.2464929859725 1.1142039164109894e-05
6639.2785571142285 1.3658506303062854e-05
6655.310621242486 1.7601735414653247e-05
6671.3426853707415 2.308529252167851e-05
6687.374749498998 3.1977138578672635e-05
6703.406813627254 4.278128484174751e-05
6719.4388777555105 6.238862775616647e-05
6735.470941883768 9.181643260232053e-05
6751.503006012024 0.00014157022351984932
6767.53507014028 0.00022665994673565945
6783.567134268537 0.0003765799707798944
6799.599198396792 0.0006452455513336189
6815.63126252505 0.001194187874978792
6831.663326653306 0.0022917029168500447
6847.695390781563 0.004639056566505397
6863.72745490982 0.010046655634844267
6879.759519038076 0.02192285384193246
6895.791583166333 0.04987934754170565
6911.823647294588 0.0983475648541475
6927.855711422846 0.16206324530261745
6943.887775551102 0.21667338029573086
6959.919839679359 0.2525909289767254
6975.951903807616 0.2771924526928358
6991.983967935871 0.2994792073955811
7008.016032064129 0.3190546863840557
7024.048096192384 0.3354542850513506
7040.080160320641 0.3460269912707922
7056.112224448898 0.35039082138179867
7072.144288577155 0.351386305968976
7088.176352705412 0.35015805869605754
7104.208416833667 0.3478127319435373
7120.240480961925 0.3448117845812851
7136.27254509018 0.34117338549276915
7152.304609218437 0.3372353689892164
7168.336673346694 0.33325188787410803
7184.36873747495 0.3293769719638585
7200.400801603208 0.3257451478763666
7216.432865731463 0.32250124131163976
7232.46492985972 0.3194533059339926
7248.496993987976 0.3165964313181399
7264.529058116233 0.31360758856905463
7280.5611222444895 0.31050569671823386
7296.593186372746 0.30731212555543314
7312.625250501003 0.3040000921794088
7328.6573146292585 0.3006966747041057
7344.689378757515 0.29756164922066486
7360.7214428857715 0.29452499064328846
7376.7535070140275 0.2917968292724636
7392.785571142285 0.2893484146844672
7408.817635270541 0.28707932377000844
7424.849699398797 0.28491836194785125
7440.881763527054 0.282827816695116
7456.913827655311 0.2806321341611069
7472.945891783567 0.278327654965215
7488.977955911823 0.2758557654205293
7505.010020040081 0.2732421943440085
7521.042084168337 0.27055727459000795
7537.074148296593 0.26778377457037905
7553.10621242485 0.2649388648727512
7569.138276553105 0.2620868281723598
7585.170340681363 0.25920232142526334
7601.202404809619 0.25627323988260137
7617.234468937876 0.2534054720686268
7633.266533066133 0.2504498787798765
7649.298597194388 0.24740360493469937
7665.330661322646 0.24431516107965348
7681.362725450901 0.24109595386690005
7697.394789579158 0.23782989397856083
7713.426853707415 0.2344929628832356
7729.458917835672 0.23117508496057793
7745.490981963929 0.22794713103171985
7761.523046092184 0.22532265366395715
7777.555110220442 0.22271919216078687
7793.587174348697 0.22016131710695425
7809.619238476954 0.2177639427341664
7825.651302605211 0.21538942426116764
7841.683366733467 0.21310761197625624
7857.715430861725 0.21085999296292882
7873.74749498998 0.2086975733993661
7889.779559118237 0.20651724025810092
7905.811623246493 0.20433597280135873
7921.84368737475 0.20226018079586489
7937.8757515030065 0.200141703003082
7953.907815631263 0.19796623028647975
7969.93987975952 0.19579248630126336
7985.9719438877755 0.19365500370331534
8002.0040080160325 0.1920600982722129
8018.0360721442885 0.18988379540353917
8034.0681362725445 0.18771552292989455
8050.100200400802 0.1855715392632462
8066.132264529058 0.1834387053690319
8082.164328657314 0.1814628778384718
8098.196392785571 0.17944469344421596
8114.228456913828 0.17736215786125503
8130.260521042084 0.17519812094202175
8146.29258517034 0.17288538900812586
8162.324649298597 0.17045747081953724
8178.356713426854 0.16788208389924172
8194.38877755511 0.16519913155722435
8210.420841683368 0.16242626379206906
8226.452905811624 0.15968065126665212
8242.48496993988 0.15701647956400316
8258.517034068136 0.15464248176215287
8274.549098196392 0.15300189137997647
8290.58116232465 0.15151429637948743
8306.613226452906 0.14994895069624173
8322.645290581164 0.14778322263542137
8338.677354709418 0.1441775888956024
8354.709418837676 0.13810600487548474
8370.741482965932 0.12868767482761517
8386.773547094188 0.11517134007218845
8402.805611222446 0.09789993526906494
8418.837675350702 0.07928221119691455
8434.869739478958 0.06038280005881196
8450.901803607214 0.04342104369868055
8466.933867735472 0.029260771384054626
8482.965931863728 0.019303409992472667
8498.997995991984 0.012249299679191708
8515.030060120242 0.007894315520647406
8531.062124248496 0.004962836928263602
8547.094188376754 0.0032789930980771246
8563.12625250501 0.002169642874474988
8579.158316633268 0.0014713928413858937
8595.190380761524 0.0010195851563425382
8611.22244488978 0.0007246892036750221
8627.254509018036 0.0005300448642304862
8643.286573146292 0.0003963805683876594
8659.31863727455 0.0003051710908653611
8675.350701402805 0.00024753846909877876
8691.382765531063 0.00019856991304962438
8707.41482965932 0.00016350791990436218
8723.446893787575 0.00013863383717919908
8739.478957915831 0.00012309008360278622
8755.511022044087 0.00010602908403729597
8771.543086172345 9.743231110892502e-05
8787.575150300601 8.535180397827368e-05
8803.607214428857 8.196110532708589e-05
8819.639278557113 7.588077922776764e-05
8835.671342685371 7.158075054498496e-05
8851.703406813627 6.603771832797027e-05
8867.735470941883 6.34201103792491e-05
8883.767535070141 6.0747147053866845e-05
8899.799599198397 6.031404060407112e-05
8915.831663326653 5.6210857400669694e-05
8931.86372745491 5.536463529316206e-05
8947.895791583167 5.349887733180148e-05
8963.927855711423 5.047421815830037e-05
8979.959919839679 4.913398984309594e-05
8995.991983967935 5.106998727699874e-05
9012.024048096193 4.6340019823141006e-05
9028.056112224449 4.734165295912755e-05
9044.088176352705 4.41920980906392e-05
9060.120240480963 4.3980766347087455e-05
9076.152304609219 4.310280988309382e-05
9092.184368737475 4.117332682829892e-05
9108.21643286573 4.08710697152291e-05
9124.248496993989 3.891841349381475e-05
9140.280561122245 3.78637262153587e-05
9156.3126252505 3.7373371649760286e-05
9172.344689378759 3.5393940949806094e-05
9188.376753507015 3.5074670345302985e-05
9204.40881763527 3.324704896377864e-05
9220.440881763527 3.403926869557432e-05
9236.472945891785 3.357533227397341e-05
9252.50501002004 3.118610794867081e-05
9268.537074148297 3.182193685414514e-05
9284.569138276553 3.2017829760030876e-05
9300.60120240481 2.9601764946631184e-05
9316.633266533066 3.032425353794415e-05
9332.665330661323 2.9480537123244972e-05
9348.69739478958 2.9898399447276045e-05
9364.729458917836 2.924484872342545e-05
9380.761523046092 2.9500011655491326e-05
9396.793587174348 2.8861788073738913e-05
9412.825651302606 2.8530205398529544e-05
9428.857715430862 2.8749622397558536e-05
9444.889779559118 2.8724842776106516e-05
9460.921843687376 2.786117542547444e-05
9476.95390781563 2.7518994187058626e-05
9492.985971943888 2.8075067899337823e-05
9509.018036072144 2.7821654541779887e-05
9525.050100200402 2.676099970474111e-05
9541.082164328658 2.671375895425507e-05
9557.114228456914 2.5617466709504928e-05
9573.14629258517 2.500058929849778e-05
9589.178356713426 2.4652773228051202e-05
9605.210420841684 2.3817606479553653e-05
9621.24248496994 2.2745721971898782e-05
9637.274549098198 2.278781079482543e-05
9653.306613226452 2.117780166712595e-05
9669.33867735471 2.0591959370699317e-05
9685.370741482966 1.9859685848783447e-05
9701.402805611222 1.9459915199828358e-05
9717.43486973948 1.926866050287231e-05
9733.466933867736 1.8315725174786966e-05
9749.498997995992 1.830928810803126e-05
9765.531062124248 1.6169871682568666e-05
9781.563126252506 1.602799578997518e-05
9797.595190380762 1.5918103422409724e-05
9813.627254509018 1.5387558896733967e-05
9829.659318637276 1.4455273354290185e-05
9845.69138276553 1.4484282736473422e-05
9861.723446893788 1.4599547774702801e-05
9877.755511022044 1.4254478377444551e-05
9893.787575150302 1.2866267316875104e-05
9909.819639278558 1.2735891692023973e-05
9925.851703406814 1.2202961137561085e-05
9941.88376753507 1.1760053072989726e-05
9957.915831663326 1.1659103456746232e-05
9973.947895791584 1.149239016494669e-05
9989.97995991984 1.1047915334272263e-05
10006.012024048097 1.1015831343804937e-05
10022.044088176353 1.1110566661610246e-05
10038.07615230461 1.1108219472706576e-05
10054.108216432865 1.0543597180581866e-05
10070.140280561121 1.0546194452176893e-05
10086.17234468938 1.0236312323128599e-05
10102.204408817635 1.0335083563929922e-05
10118.236472945893 1.0044327868378381e-05
10134.268537074147 9.801039616056197e-06
10150.300601202405 9.838941991956487e-06
10166.332665330661 9.454907986691237e-06
10182.364729458917 9.378946996406272e-06
10198.396793587175 8.997556985710286e-06
10214.428857715431 9.197744443957739e-06
10230.460921843687 9.159391610617183e-06
10246.492985971945 8.766469053511777e-06
10262.525050100201 8.475983919839275e-06
10278.557114228457 8.237665534933077e-06
10294.589178356713 7.671910415541703e-06
10310.621242484973 7.514961480511445e-06
10326.653306613225 6.909173558941059e-06
10342.685370741483 6.417533170036684e-06
10358.71743486974 6.250520334209436e-06
10374.749498997997 5.747817131983625e-06
10390.781563126253 5.865207539693743e-06
10406.813627254509 5.252081783105568e-06
10422.845691382765 4.847025541678465e-06
10438.877755511021 4.498020320019023e-06
10454.909819639279 3.97062139660614e-06
10470.941883767537 3.8154127375993875e-06
10486.973947895793 3.3884957145169215e-06
10503.006012024049 2.8573637587785e-06
10519.038076152305 2.541107127470631e-06
10535.07014028056 2.4876142010477327e-06
10551.102204408817 2.40080015242079e-06
10567.134268537075 2.2570438466768392e-06
10583.166332665332 2.0784006924023913e-06
10599.198396793585 1.9789898611224136e-06
10615.230460921844 1.8679197428575302e-06
10631.2625250501 1.72986709956447e-06
10647.294589178357 1.6605610774356718e-06
10663.326653306613 1.5740376815258517e-06
10679.35871743487 1.5419686922068109e-06
10695.390781563126 1.412892210593948e-06
10711.42284569138 1.3110745507669376e-06
10727.45490981964 1.271185190914191e-06
10743.486973947896 1.1683170584793187e-06
10759.519038076152 1.1302992568689792e-06
10775.551102204408 1.049608698662393e-06
10791.583166332666 9.485899570629019e-07
10807.615230460922 1.0122500858898176e-06
10823.647294589176 1.0411262724280135e-06
10839.679358717436 1.0855086642545695e-06
10855.711422845692 1.107054551613678e-06
10871.743486973948 1.1490472046224638e-06
10887.775551102204 1.2180330315848924e-06
10903.807615230462 1.2957741446102876e-06
10919.839679358718 1.353107056538332e-06
10935.871743486972 0.0
10951.903807615232 0.0
10967.935871743488 0.0
10983.967935871742 0.0
11000.0 0.0
